'2349',200,73000,,'',0,2900,4,'',0,4100,,'',0,2900,4,'',0,12100,,'',0,7400,4,'',0,12600,,'',0,7400,4,'',0,12600,,'',0,7400,4,'',0,18100,,'',0,3400,4,'',0,7600,,'',0,3400,4,'',0,10600,,'',0,7400,4,'',0,12600,,'',0,7400,4,'',0,7600,,'',0,3000,4,'',0
'2863',200,84000,,'',0,7400,4,'',0,2600,,'',0,7400,4,'',0,3600,,'',0,7400,4,'',0,1600,,'',0,7400,4,'',0,3600,,'',0,7400,4,'',0,1600,,'',0,7400,4,'',0,3600,,'',0,7400,4,'',0,1600,,'',0,7400,4,'',0,3600,,'',0,7400,4,'',0,3100,,'',0,7400,4,'',0
'2864',200,73000,,'',0,2900,4,'',0,4100,,'',0,2900,4,'',0,100,,'',0,7000,4,'',0,500,,'',0,3400,4,'',0,1100,,'',0,7400,4,'',0,2600,,'',0,7400,4,'',0,2600,,'',0,7400,4,'',0,2600,,'',0,7400,4,'',0,2600,,'',0,7400,4,'',0,600,,'',0,7400,4,'',0,1100,,'',0,3400,4,'',0,5600,,'',0,3000,,'',0,400,4,'',0,7000,4,'',0,600,,'',0,3000,,'',0,400,4,'',0,7000,4,'',0,3600,,'',0,7400,4,'',0,1600,,'',0,7400,4,'',0
'2865',200,83000,,'',0,7000,4,'',0,500,,'',0,3400,4,'',0,11100,,'',0,7400,4,'',0,12600,,'',0,7400,4,'',0,10600,,'',0,7400,4,'',0,1100,,'',0,3400,4,'',0,8600,,'',0,7400,4,'',0,3600,,'',0,7400,4,'',0,12600,,'',0,7400,4,'',0
'2867',200,73000,,'',0,2900,4,'',0,4100,,'',0,2900,4,'',0,12100,,'',0,7400,4,'',0,12600,,'',0,7400,4,'',0,12600,,'',0,7400,4,'',0,18100,,'',0,3400,4,'',0,7600,,'',0,3400,4,'',0,10600,,'',0,7400,4,'',0
'2871',200,84000,,'',0,7400,4,'',0,2600,,'',0,7400,4,'',0,3600,,'',0,7400,4,'',0,1600,,'',0,7400,4,'',0,3600,,'',0,7400,4,'',0,1600,,'',0,7400,4,'',0,3600,,'',0,7400,4,'',0,1600,,'',0,7400,4,'',0,3600,,'',0,7400,4,'',0,3100,,'',0,7400,4,'',0,1100,,'',0,7400,4,'',0,3600,,'',0,7400,4,'',0,1600,,'',0,7400,4,'',0,3600,,'',0,6900,4,'',0
'2873',200,84000,,'',0,7400,4,'',0,2600,,'',0,7400,4,'',0,3600,,'',0,7400,4,'',0,1600,,'',0,7400,4,'',0,3600,,'',0,7400,4,'',0,1600,,'',0,7400,4,'',0,3600,,'',0,7400,4,'',0,1600,,'',0,7400,4,'',0,3600,,'',0,7400,4,'',0,3100,,'',0,7400,4,'',0
'2349',300,102500,,'',0,2500,4,'',0,17500,,'',0,2500,4,'',0,17500,,'',0,2500,4,'',0,19000,,'',0,6500,4,'',0,22500,,'',0,7000,4,'',0,13500,,'',0,7000,4,'',0
'2863',300,92000,,'',0,3000,4,'',0,7000,,'',0,2500,4,'',0,8000,,'',0,3000,4,'',0,6500,,'',0,2500,4,'',0,8000,,'',0,3000,4,'',0,6500,,'',0,2500,4,'',0,8000,,'',0,3000,4,'',0,6500,,'',0,2500,4,'',0,8000,,'',0,3000,4,'',0
'2864',300,75000,,'',0,6000,4,'',0,10000,,'',0,3000,4,'',0,8500,,'',0,2500,4,'',0,7500,,'',0,3000,4,'',0,7000,,'',0,2500,4,'',0,7500,,'',0,3000,4,'',0,7000,,'',0,2500,4,'',0,500,,'',0,6000,4,'',0,2000,,'',0,7000,4,'',0,3500,,'',0,6500,4,'',0,1000,,'',0,3000,4,'',0,7500,,'',0,2500,4,'',0,8500,,'',0,7000,4,'',0,2000,,'',0,2500,4,'',0
'2865',300,75000,,'',0,6000,4,'',0,10000,,'',0,3000,4,'',0,18500,,'',0,3000,4,'',0,17000,,'',0,3000,4,'',0,10000,,'',0,6000,4,'',0,2000,,'',0,7000,4,'',0,11000,,'',0,3000,4,'',0,7500,,'',0,2500,4,'',0,17500,,'',0,2500,4,'',0
'2867',300,102500,,'',0,2500,4,'',0,17500,,'',0,2500,4,'',0,17500,,'',0,2500,4,'',0,19000,,'',0,6500,4,'',0,22500,,'',0,7000,4,'',0
'2871',300,92000,,'',0,3000,4,'',0,7000,,'',0,2500,4,'',0,8000,,'',0,3000,4,'',0,6500,,'',0,2500,4,'',0,8000,,'',0,3000,4,'',0,6500,,'',0,2500,4,'',0,8000,,'',0,3000,4,'',0,6500,,'',0,2500,4,'',0,8000,,'',0,2500,4,'',0,8000,,'',0,2500,4,'',0,6000,,'',0,3000,4,'',0,8000,,'',0,2500,4,'',0,6500,,'',0,3000,4,'',0
'2873',300,92000,,'',0,3000,4,'',0,7000,,'',0,2500,4,'',0,8000,,'',0,3000,4,'',0,6500,,'',0,2500,4,'',0,8000,,'',0,3000,4,'',0,6500,,'',0,2500,4,'',0,8000,,'',0,3000,4,'',0,6500,,'',0,2500,4,'',0,8000,,'',0,3000,4,'',0
