'1094',100,84000,,'',0,8900,4,'',0,2100,,'',0,8900,4,'',0,600,,'',0,8900,4,'',0,2100,,'',0,8900,4,'',0,100,,'',0,8900,4,'',0,2100,,'',0,8900,4,'',0,100,,'',0,8900,4,'',0,2100,,'',0,8900,4,'',0,100,,'',0,8900,4,'',0,1600,,'',0,8900,4,'',0,6100,,'',0,4900,4,'',0,100,,'',0,8900,4,'',0,1600,,'',0,8900,4,'',0,600,,'',0,7500,0,'Tla'amin',0,1400,4,'',0,8500,4,'',0
'1179',100,70000,,'',0,3000,0,'Tla'amin',0,1900,4,'',0,6100,,'',0,1400,4,'',0,600,0,'Brooks S',0,2900,4,'',0,4100,,'',0,500,4,'',0,4000,0,'Tla'amin',0,400,4,'',0,9800,4,'',0,5300,,'',0,4900,4,'',0,5100,,'',0,4900,4,'',0,5100,,'',0,4900,4,'',0,5600,0,'Tla'amin',0,9500,,'',0,500,0,'Brooks S',0,800,4,'',0,200,0,'Brooks S',0,2000,4,'',0,2000,,'',0,400,4,'',0,6500,4,'',0,2500,4,'',0,100,,'',0,8900,4,'',0,1600,0,'Tla'amin',0,9500,,'',0,500,4,'',0,8400,4,'',0,6600,,'',0,4500,,'',0,400,4,'',0,8500,4,'',0,1100,,'',0,8800,4,'',0
'1180',100,70000,,'',0,3000,0,'Tla'amin',0,1900,4,'',0,6100,,'',0,1400,4,'',0,8100,4,'',0,4000,0,'Tla'amin',0,10200,4,'',0,15300,,'',0,4900,4,'',0,15600,0,'Tla'amin',0,10000,0,'Brooks S',0,800,4,'',0,200,0,'Brooks S',0,2000,4,'',0,2000,,'',0,6900,4,'',0,2500,4,'',0,100,,'',0,8900,4,'',0,11100,,'',0,8900,4,'',0,11100,,'',0,8900,4,'',0,1100,,'',0,8800,4,'',0
'1181',100,83000,0,'Brooks S',0,2900,4,'',0,4100,,'',0,4900,4,'',0,15100,,'',0,4900,4,'',0,15100,,'',0,4900,4,'',0,15100,,'',0,5900,4,'',0,19600,0,'Tla'amin',0,10000,4,'',0,15000,,'',0,4900,4,'',0
'1183',100,84000,,'',0,8900,4,'',0,2100,,'',0,8900,4,'',0,600,,'',0,8900,4,'',0,2100,,'',0,8900,4,'',0,100,,'',0,8900,4,'',0,2100,,'',0,8900,4,'',0,100,,'',0,8900,4,'',0,2100,,'',0,8900,4,'',0,100,,'',0,8900,4,'',0,1600,,'',0,8900,4,'',0
'1184',100,84000,,'',0,8900,4,'',0,2100,,'',0,8900,4,'',0,600,,'',0,8900,4,'',0,2100,,'',0,8900,4,'',0,100,,'',0,8900,4,'',0,2100,,'',0,8900,4,'',0,100,,'',0,8900,4,'',0,2100,,'',0,8900,4,'',0,100,,'',0,8900,4,'',0,1600,,'',0,8900,4,'',0
'1185',100,70000,,'',0,3000,0,'Tla'amin',0,1900,4,'',0,6100,,'',0,1400,4,'',0,8100,4,'',0,4000,0,'Tla'amin',0,10200,4,'',0,15300,,'',0,4900,4,'',0,15600,0,'Tla'amin',0,10000,0,'Brooks S',0,800,4,'',0,200,0,'Brooks S',0,2000,4,'',0,2000,,'',0,6900,4,'',0,2500,4,'',0,100,,'',0,8900,4,'',0,11100,,'',0,8900,4,'',0,11100,,'',0,8900,4,'',0,1100,,'',0,8800,4,'',0
'1186',100,83000,0,'Brooks S',0,2900,4,'',0,4100,,'',0,4900,4,'',0,15100,,'',0,4900,4,'',0,15100,,'',0,4900,4,'',0,15100,,'',0,5900,4,'',0,19600,0,'Tla'amin',0,10000,4,'',0,15000,,'',0,4900,4,'',0
'1189',100,83000,0,'Brooks S',0,2900,4,'',0,4100,,'',0,4900,4,'',0,15100,,'',0,4900,4,'',0,15100,,'',0,4900,4,'',0,15100,,'',0,5900,4,'',0,19600,0,'Tla'amin',0,10000,4,'',0,15000,,'',0,4900,4,'',0,18100,0,'Tla'amin',0,9900,4,'',0
'1190',100,84000,,'',0,8900,4,'',0,2100,,'',0,8900,4,'',0,600,,'',0,8900,4,'',0,2100,,'',0,8900,4,'',0,100,,'',0,8900,4,'',0,2100,,'',0,8900,4,'',0,100,,'',0,8900,4,'',0,2100,,'',0,8900,4,'',0,100,,'',0,8900,4,'',0,1600,,'',0,8900,4,'',0,6100,,'',0,4900,4,'',0,100,,'',0,8900,4,'',0,1600,,'',0,8900,4,'',0,600,,'',0,7500,0,'Tla'amin',0,1400,4,'',0,8500,4,'',0
'1191',100,84000,,'',0,8900,4,'',0,2100,,'',0,8900,4,'',0,600,,'',0,8900,4,'',0,2100,,'',0,8900,4,'',0,100,,'',0,8900,4,'',0,2100,,'',0,8900,4,'',0,100,,'',0,8900,4,'',0,2100,,'',0,8900,4,'',0,100,,'',0,8900,4,'',0,1600,,'',0,8900,4,'',0
'1192',100,70000,,'',0,3000,0,'Tla'amin',0,1900,4,'',0,6100,,'',0,1400,4,'',0,8100,4,'',0,4000,0,'Tla'amin',0,10200,4,'',0,15300,,'',0,4900,4,'',0,15600,0,'Tla'amin',0,10800,4,'',0,200,0,'Brooks S',0,2000,4,'',0,2000,,'',0,6900,4,'',0,2500,4,'',0,100,,'',0,8900,4,'',0,11100,,'',0,8900,4,'',0,11100,,'',0,8900,4,'',0,1100,,'',0,8800,4,'',0
'1193',100,83000,0,'Brooks S',0,2900,4,'',0,4100,,'',0,4900,4,'',0,15100,,'',0,4900,4,'',0,15100,,'',0,4900,4,'',0,15100,,'',0,5900,4,'',0,19600,0,'Tla'amin',0,10000,4,'',0,15000,,'',0,4900,4,'',0
'1196',100,83000,0,'Brooks S',0,2900,4,'',0,4100,,'',0,4900,4,'',0,15100,,'',0,4900,4,'',0,15100,,'',0,4900,4,'',0,15100,,'',0,5900,4,'',0,19600,0,'Tla'amin',0,10000,4,'',0,15000,,'',0,4900,4,'',0,18100,0,'Tla'amin',0,9900,4,'',0
'855',100,83000,0,'Brooks S',0,2900,4,'',0,4100,,'',0,4900,4,'',0,15100,,'',0,4900,4,'',0,15100,,'',0,4900,4,'',0,15100,,'',0,5900,4,'',0,19600,0,'Tla'amin',0,10000,4,'',0,15000,,'',0,4900,4,'',0,18100,0,'Tla'amin',0,9900,4,'',0
