100,116016,1,0
100,164141,2,0
100,164135,3,0
100,164052,4,0
100,164053,5,0
100,164101,6,0
100,164100,7,0
100,164002,8,0
100,164003,9,0
100,116015,10,0
100,164162,11,0
100,164004,12,0
100,164005,13,0
100,164006,14,0
100,164007,15,0
100,164008,16,0
100,164009,17,0
100,164010,18,0
100,164153,19,0
100,164112,20,0
100,164111,21,0
100,164011,22,0
100,164012,23,0
100,164013,24,0
100,164109,25,0
100,164117,26,0
100,164054,27,0
100,164055,28,0
100,164140,29,0
100,116005,30,0
100,164119,31,0
100,164014,32,0
100,164015,33,0
100,164137,34,0
100,164016,35,0
100,164126,36,0
100,164017,37,0
100,116025,38,0
100,164127,39,0
100,164018,40,0
100,164019,41,0
100,164131,42,0
100,164020,43,0
100,164021,44,0
100,164022,45,0
100,164023,46,0
100,116031,47,0
100,164024,48,0
100,164025,49,0
100,164026,50,0
100,164107,51,0
100,164027,52,0
100,164106,53,0
100,164197,54,0
100,164185,55,0
100,116002,56,0
100,116001,57,0
100,116003,58,0
100,116004,59,0
100,164123,60,0
100,164194,61,0
100,164195,62,0
100,164196,63,0
100,164103,64,0
100,164145,65,0
100,164104,66,0
100,164105,67,0
100,164128,68,0
100,164129,69,0
100,116055,70,0
100,164029,71,0
100,164198,72,0
100,164030,73,0
100,164115,74,0
100,164031,75,0
100,164110,76,0
100,164175,77,0
100,164179,78,0
100,164032,79,0
100,164033,80,0
100,116028,81,0
100,164034,82,0
100,164035,83,0
100,164036,84,0
100,164037,85,0
100,116030,86,0
100,164038,87,0
100,164039,88,0
100,164040,89,0
100,164158,90,0
100,164120,91,0
100,164108,92,0
100,116032,93,0
100,164138,94,0
100,164172,95,0
100,164122,96,0
100,164121,97,0
100,164133,98,0
100,164041,99,0
100,164143,100,0
100,164042,101,0
100,164124,102,0
100,164113,103,0
100,164043,104,0
100,164044,105,0
100,164045,106,0
100,164147,107,0
100,164046,108,0
100,164047,109,0
100,164048,110,0
100,164180,111,0
100,164049,112,0
100,164148,113,0
100,164050,114,0
100,164051,115,0
100,164144,116,0
100,164142,117,0
100,164139,118,1
200,116034,1,0
200,164141,2,0
200,116017,3,0
200,116009,4,0
200,116024,5,0
200,116007,6,0
200,116018,7,0
200,116033,8,0
200,116006,9,0
200,116008,10,0
200,164135,11,0
200,164052,12,0
200,164053,13,0
200,164163,14,0
200,164056,15,0
200,164057,16,0
200,164058,17,0
200,164059,18,0
200,116010,19,0
200,164060,20,0
200,164061,21,0
200,164062,22,0
200,164063,23,0
200,164064,24,0
200,164065,25,0
200,164151,26,0
200,164149,27,0
200,164066,28,0
200,164067,29,0
200,116019,30,0
200,164068,31,0
200,164069,32,0
200,164070,33,0
200,164071,34,0
200,164072,35,0
200,164073,36,0
200,164165,37,0
200,164114,38,0
200,164155,39,0
200,164156,40,0
200,164159,41,0
200,164168,42,0
200,164169,43,0
200,164192,44,0
200,164191,45,0
200,164078,46,0
200,164167,47,0
200,164079,48,0
200,164080,49,0
200,164184,50,0
200,164146,51,0
200,164081,52,0
200,164082,53,0
200,164083,54,0
200,164084,55,0
200,164085,56,0
200,116011,57,0
200,116054,58,0
200,164170,59,0
200,164157,60,0
200,164086,61,0
200,164161,62,0
200,164166,63,0
200,164144,64,0
200,164142,65,0
200,164177,66,0
200,164139,67,1
300,116034,1,0
300,164141,2,0
300,164102,3,0
300,116020,4,0
300,164118,5,0
300,116022,6,0
300,164000,7,0
300,164001,8,0
300,164087,9,0
300,164088,10,0
300,164089,11,0
300,116029,12,0
300,164132,13,0
300,164090,14,0
300,164193,15,0
300,164091,16,0
300,164183,17,0
300,116023,18,0
300,164173,19,0
300,164092,20,0
300,116027,21,0
300,164093,22,0
300,116026,23,0
300,116011,24,0
300,164095,25,0
300,164096,26,0
300,164097,27,0
300,116038,28,0
300,116021,29,0
300,164098,30,0
300,116017,31,0
300,116009,32,0
300,116024,33,0
300,116007,34,0
300,116018,35,0
300,116033,36,0
300,116036,37,0
300,116037,38,0
300,116006,39,0
300,116008,40,0
300,164139,41,1
1200,116035,1,0
1200,164102,2,0
1200,116020,3,0
1200,164089,4,0
1200,164134,5,0
1200,116012,6,0
1200,116042,7,0
1200,164181,8,0
1200,116040,9,0
1200,164176,10,0
1200,164130,11,0
1200,164174,12,0
1200,164178,13,0
1200,164150,14,0
1200,116014,15,1
1201,116043,1,0
1201,164150,2,0
1201,164189,3,0
1201,164160,4,0
1201,164130,5,0
1201,116039,6,0
1201,164176,7,0
1201,116041,8,0
1201,164181,9,0
1201,116013,10,0
1201,164134,11,0
1201,164136,12,0
1201,164090,13,0
1201,164095,14,0
1201,164096,15,0
1201,164097,16,0
1201,116038,17,0
1201,116035,18,1
1300,116044,1,0
1300,116051,2,0
1300,116052,3,0
1300,116047,4,0
1300,116050,5,0
1300,116049,6,0
1300,116035,7,0
1300,116007,8,0
1300,116018,9,0
1300,116033,10,1
1301,116033,1,0
1301,116006,2,0
1301,116008,3,0
1301,164139,4,0
1301,116035,5,0
1301,116053,6,0
1301,116046,7,0
1301,116047,8,0
1301,116045,9,0
1301,116048,10,0
1301,116044,11,1
1400,116035,1,0
1400,164135,2,0
1400,164052,3,0
1400,164053,4,0
1400,116017,5,0
1400,116009,6,0
1400,116024,7,0
1400,116007,8,0
1400,116018,9,0
1400,164004,10,0
1400,164005,11,0
1400,164006,12,0
1400,164007,13,0
1400,164008,14,0
1400,164009,15,0
1400,164010,16,0
1400,164153,17,0
1400,164137,18,0
1400,164016,19,0
1400,164126,20,0
1400,164017,21,0
1400,164127,22,0
1400,116031,23,0
1400,164024,24,0
1400,164025,25,0
1400,164026,26,0
1400,164107,27,0
1400,164027,28,0
1400,164106,29,0
1400,164197,30,0
1400,164185,31,0
1400,164188,32,0
1400,164116,33,0
1400,164186,34,0
1400,116000,35,1
1401,116000,1,0
1401,164187,2,0
1401,164190,3,0
1401,164182,4,0
1401,116004,5,0
1401,164171,6,0
1401,164175,7,0
1401,164179,8,0
1401,164032,9,0
1401,164033,10,0
1401,116028,11,0
1401,164144,12,0
1401,164142,13,0
1401,164139,14,0
1401,116035,15,1
