100,'4532',741,,1442,25,,,0,80,,1438,25,,,0,80,,1428,25,,,0,40,,1439,25,,,0,160,,1429,25,,,0,120,,1430,25,,,0,120,,1440,25,,,0,160,,1431,25,,,0,40,,1441,25,,,0,80,,1435,25,,,0,80,,1434,25,,,0,40,,1436,25,,,0,80,,1432,25,,,0,120,,1437,25,,,0,165,,1433,25,,,0,120,,1443,25,,,0
100,'5014',656,,1423,25,,,0,81,,1412,15,,,0,164,,1416,25,,,0,55,,1415,25,,,0,160,,1419,25,,,0,120,,1408,25,,,0,80,,1427,25,,,0,38,,1417,25,,,0,82,,1426,25,,,0,65,,1413,25,,,0,15,,1411,25,,,0,40,,1422,25,,,0,80,,1410,25,,,0,80,,1421,25,,,0,40,,1424,25,,,0,80,,1409,25,,,0,120,,1420,25,,,0,160,,1418,25,,,0
100,'5210',741,,1444,25,,,0,80,,1445,25,,,0,80,,1446,25,,,0,40,,1448,25,,,0,160,,1447,25,,,0,120,,1449,25,,,0,120,,1450,25,,,0,160,,1451,25,,,0,40,,1452,25,,,0,80,,1453,25,,,0,80,,1454,25,,,0,40,,1455,25,,,0,160,,1456,25,,,0
300,'4532',957,,1558,4,,,0,150,,1559,4,,,0,110,,1560,4,,,0,110,,1556,4,,,0,110,,1555,4,,,0,110,,1557,4,,,0,110,,1561,4,,,0,150,,1552,4,,,0,135,,1554,4,,,0,175,,1553,4,,,0
300,'5014',707,,1551,4,0,13 9,0,30,,1549,4,,,0,110,,1539,4,,,0,111,,1540,4,,,0,150,,1541,4,,,0,110,,1542,4,,,0,110,,1550,4,,,0,110,,1543,4,,,0,104,,1544,4,,,0,159,,1545,4,,,0,110,,1546,4,,,0,135,,1547,4,,,0,175,,1548,4,,,0
300,'5210',957,,1565,4,,,0,150,,1563,4,,,0,110,,1564,4,,,0,110,,1566,4,,,0,110,,1567,4,,,0,110,,1568,4,,,0,155,,1569,4,,,0,135,,1570,4,,,0
1300,'5212',1018,,1592,17,,,0
1400,'4532',852,,1596,4,,,0
1400,'5210',852,,1597,4,,,0
1400,'5211',852,,1600,4,,,0
