100,'5195',737,,1221,20,,,0,80,,1217,20,,,0,40,,1207,20,,,0,80,,1218,20,,,0,120,,1208,20,,,0,160,,1209,20,,,0,120,,1219,20,,,0,120,,1210,20,,,0,80,,1220,20,,,0,80,,1214,20,,,0,40,,1213,20,,,0,80,,1215,20,,,0,80,,1211,20,,,0,120,,1216,20,,,0,165,,1212,20,,,0,120,,1222,20,,,0
100,'5196',737,,1223,20,,,0,80,,1224,20,,,0,40,,1225,20,,,0,80,,1227,20,,,0,120,,1226,20,,,0,160,,1228,20,,,0,120,,1229,20,,,0,120,,1230,20,,,0,80,,1231,20,,,0,80,,1232,20,,,0,40,,1233,20,,,0,80,,1234,20,,,0,120,,1235,20,,,0
100,'5197',652,,1251,20,,,0,81,,1240,10,,,0,84,,1242,20,0,11 12 10,0,40,,1244,20,,,0,95,,1243,20,,,0,160,,1247,20,,,0,120,,1236,20,,,0,80,,1255,20,,,0,38,,1245,20,,,0,82,,1254,20,,,0,25,,1241,20,,,0,55,,1239,20,,,0,40,,1250,20,,,0,80,,1238,20,,,0,80,,1249,20,,,0,40,,1252,20,,,0,80,,1237,20,,,0,120,,1248,20,,,0,160,,1246,20,,,0,130,,1253,20,0,11 12 10,0
201,'5195',942,,1308,40,,,0,111,,1307,32,,,0,150,,1309,32,,,0,110,,1311,32,,,0,110,,1312,32,,,0,110,,1313,32,,,0,110,,1306,32,,,0,158,,1310,32,,,0,122,,1314,44,,,0,135,,1315,44,,,0,175,,1316,44,,,0
201,'5196',942,,1317,40,,,0,111,,1318,32,,,0,150,,1319,32,,,0,110,,1320,32,,,0,110,,1322,32,,,0,110,,1321,32,,,0,110,,1324,32,,,0,175,,1323,44,,,0,135,,1325,44,,,0
201,'5197',722,,1328,40,,,0,112,,1337,33,,,0,110,,1330,32,,,0,110,,1327,32,,,0,150,,1331,32,,,0,110,,1332,32,,,0,110,,1338,32,,,0,223,,1333,32,,,0,158,,1326,32,,,0,122,,1334,44,,,0,175,,1335,44,,,0,135,,1336,44,,,0
1300,'5199',1013,,1393,12,,,0,915,,1392,12,,,0
1401,'5195',1022,,1403,15,,,0,629,,1402,15,,,0
1401,'5196',1022,,1404,15,,,0,629,,1405,15,,,0
1401,'5198',1022,,1407,15,,,0,629,,1406,15,,,0
