100,'5014',657,,1023,26,,,0,81,,1012,16,,,0,164,,1016,26,,,0,55,,1015,26,,,0,160,,1019,26,,,0,120,,1008,26,,,0,80,,1027,26,,,0,38,,1017,26,,,0,82,,1026,26,,,0,65,,1013,26,,,0,15,,1011,26,,,0,40,,1022,26,,,0,80,,1010,26,,,0,80,,1021,26,,,0,40,,1024,26,,,0,80,,1009,26,,,0,120,,1020,26,,,0,160,,1018,26,,,0
100,'5209',742,,1042,26,,,0,80,,1038,26,,,0,80,,1028,26,,,0,40,,1039,26,,,0,160,,1029,26,,,0,120,,1030,26,,,0,120,,1040,26,,,0,160,,1031,26,,,0,40,,1041,26,,,0,80,,1035,26,,,0,80,,1034,26,,,0,40,,1036,26,,,0,80,,1032,26,,,0,120,,1037,26,,,0,165,,1033,26,,,0,120,,1043,26,,,0
100,'5210',742,,1044,26,,,0,80,,1045,26,,,0,80,,1046,26,,,0,40,,1048,26,,,0,160,,1047,26,,,0,120,,1049,26,,,0,120,,1050,26,,,0,160,,1051,26,,,0,40,,1052,26,,,0,80,,1053,26,,,0,80,,1054,26,,,0,40,,1055,26,,,0,160,,1056,26,,,0
300,'5014',708,,1151,5,0,13 9,0,30,,1149,5,,,0,110,,1139,5,,,0,111,,1140,5,,,0,150,,1141,5,,,0,110,,1142,5,,,0,110,,1150,5,,,0,110,,1143,5,,,0,104,,1144,5,,,0,159,,1145,5,,,0,110,,1146,5,,,0,135,,1147,5,,,0,175,,1148,5,,,0
300,'5209',958,,1158,5,,,0,150,,1159,5,,,0,110,,1160,5,,,0,110,,1156,5,,,0,110,,1155,5,,,0,110,,1157,5,,,0,110,,1161,5,,,0,150,,1152,5,,,0,135,,1154,5,,,0,175,,1153,5,,,0
300,'5210',958,,1165,5,,,0,150,,1163,5,,,0,110,,1164,5,,,0,110,,1166,5,,,0,110,,1167,5,,,0,110,,1168,5,,,0,155,,1169,5,,,0,135,,1170,5,,,0
1300,'5212',1019,,1192,18,,,0
1400,'5209',852,,1196,6,,,0
1400,'5210',852,,1197,6,,,0
1400,'5211',852,,1200,6,,,0
