100,'5195',737,,821,19,,,0,80,,817,19,,,0,40,,807,19,,,0,80,,818,19,,,0,120,,808,19,,,0,160,,809,19,,,0,120,,819,19,,,0,120,,810,19,,,0,80,,820,19,,,0,80,,814,19,,,0,40,,813,19,,,0,80,,815,19,,,0,80,,811,19,,,0,120,,816,19,,,0,165,,812,19,,,0,120,,822,19,,,0
100,'5196',737,,823,19,,,0,80,,824,19,,,0,40,,825,19,,,0,80,,827,19,,,0,120,,826,19,,,0,160,,828,19,,,0,120,,829,19,,,0,120,,830,19,,,0,80,,831,19,,,0,80,,832,19,,,0,40,,833,19,,,0,80,,834,19,,,0,120,,835,19,,,0
100,'5197',652,,851,19,,,0,81,,840,9,,,0,84,,842,19,0,11 12 10,0,40,,844,19,,,0,95,,843,19,,,0,160,,847,19,,,0,120,,836,19,,,0,80,,855,19,,,0,38,,845,19,,,0,82,,854,19,,,0,25,,841,19,,,0,55,,839,19,,,0,40,,850,19,,,0,80,,838,19,,,0,80,,849,19,,,0,40,,852,19,,,0,80,,837,19,,,0,120,,848,19,,,0,160,,846,19,,,0,130,,853,19,0,11 12 10,0
201,'5195',941,,908,39,,,0,111,,907,31,,,0,150,,909,31,,,0,110,,911,31,,,0,110,,912,31,,,0,110,,913,31,,,0,110,,906,31,,,0,158,,910,31,,,0,122,,914,43,,,0,135,,915,43,,,0,175,,916,43,,,0
201,'5196',941,,917,39,,,0,111,,918,31,,,0,150,,919,31,,,0,110,,920,31,,,0,110,,922,31,,,0,110,,921,31,,,0,110,,924,31,,,0,175,,923,43,,,0,135,,925,43,,,0
201,'5197',721,,928,39,,,0,113,,937,32,,,0,109,,930,31,,,0,110,,927,31,,,0,150,,931,31,,,0,110,,932,31,,,0,110,,938,31,,,0,223,,933,31,,,0,158,,926,31,,,0,122,,934,43,,,0,175,,935,43,,,0,135,,936,43,,,0
900,'5197',1533,,974,4,,,0
1300,'5199',1013,,993,11,,,0,915,,992,11,,,0
1401,'5195',1022,,1003,14,,,0,629,,1002,14,,,0
1401,'5196',1022,,1004,14,,,0,629,,1005,14,,,0
1401,'5198',1022,,1007,14,,,0,629,,1006,14,,,0
