1200,'5209',741,,1576,1,0,6,0,286,,1577,1,,,0,290,,1575,1,,,0
1200,'5211',630,,1581,1,0,6,0,111,,1582,1,0,6,0,286,,1580,1,,,0,290,,1579,1,,,0,413,,1578,1,0,6,0
1201,'5209',848,,1583,20,4,,0,361,,1585,21,4,,0,245,,1584,21,4,,0
1201,'5211',737,,1590,20,4,,0,111,,1589,20,4,,0,361,,1587,21,4,,0,245,,1588,21,4,,0,390,,1586,19,4,,0
1300,'5212',1015,,1592,14,,,0,915,,1591,14,4,,0
1301,'5212',620,,1594,1,,,0,905,,1593,5,,,0
1400,'5209',850,,1596,1,,,0,675,,1595,1,,,0
1400,'5210',850,,1597,1,,,0,675,,1598,1,,,0
1400,'5211',850,,1600,1,,,0,675,,1599,1,,,0
1401,'5209',1023,,1602,17,4,,0,629,,1601,17,4,,0
1401,'5210',1023,,1603,17,4,,0,629,,1604,17,4,,0
1401,'5211',1023,,1606,17,4,,0,629,,1605,17,4,,0
