101,'5195',737,,857,30,,,0,82,,858,30,,,0,40,,867,30,,,0,80,,859,30,,,0,80,,860,30,,,0,120,,861,30,,,0,120,,868,30,,,0,160,,862,30,,,0,120,,869,30,,,0,80,,863,30,,,0,40,,864,30,,,0,80,,865,30,,,0,80,,866,30,,,0,40,,870,30,,,0,160,,871,30,,,0,125,,872,30,,,0,160,,873,30,,,0
101,'5196',742,,881,30,,,0,77,,882,30,,,0,40,,883,30,,,0,80,,884,30,,,0,80,,885,30,,,0,120,,880,30,,,0,120,,886,30,,,0,160,,887,30,,,0,120,,874,30,,,0,80,,875,30,,,0,40,,876,30,,,0,80,,877,30,,,0,80,,879,30,,,0,120,,878,30,,,0
101,'5197',734,,890,30,,,0,85,,888,30,,,0,90,,901,30,,,0,35,,889,30,,,0,90,,891,30,,,0,120,,893,30,,,0,160,,899,30,,,0,40,,905,30,,,0,80,,900,30,,,0,80,,894,30,,,0,40,,895,30,,,0,80,,898,30,,,0,80,,892,30,,,0,40,,903,30,,,0,160,,896,30,,,0,120,,897,30,,,0,170,,902,30,,,0
201,'5195',852,,908,4,,,0,171,,907,4,,,0,110,,909,4,,,0,110,,911,4,,,0,110,,912,4,,,0,150,,913,4,,,0,110,,906,4,,,0,118,,910,4,,,0,102,,914,4,,,0,175,,915,4,,,0,135,,916,4,,,0
201,'5196',852,,917,4,,,0,171,,918,4,,,0,110,,919,4,,,0,110,,920,4,,,0,110,,922,4,,,0,150,,921,4,,,0,110,,924,4,,,0,115,,923,4,,,0,175,,925,4,,,0
201,'5197',632,,928,4,,,0,172,,937,4,,,0,110,,930,4,,,0,110,,927,4,,,0,110,,931,4,,,0,110,,932,4,,,0,110,,938,4,,,0,156,,929,4,0,9 10,0,107,,933,4,,,0,118,,926,4,,,0,102,,934,4,,,0,175,,935,4,,,0,135,,936,4,,,0
1301,'5199',622,,995,4,,,0,905,,994,8,,,0
1400,'5195',1527,,996,4,,,0
1400,'5196',1527,,999,4,,,0
1400,'5198',1527,,1000,4,,,0
