1,100,'5195',1207,1208,1209,1210,1211,1212,1213,1214,1215,1216,1217,1218,1219,1220,1221,1222
1,100,'5196',1223,1224,1225,1226,1227,1228,1229,1230,1231,1232,1233,1234,1235
1,100,'5197',1236,1237,1238,1239,1240,1241,1242,1243,1244,1245,1246,1247,1248,1249,1250,1251,1252,1253,1254,1255,1256
1,101,'5195',1257,1258,1259,1260,1261,1262,1263,1264,1265,1266,1267,1268,1269,1270,1271,1272,1273
1,101,'5196',1274,1275,1276,1277,1278,1279,1280,1281,1282,1283,1284,1285,1286,1287
1,101,'5197',1288,1289,1290,1291,1292,1293,1294,1295,1296,1297,1298,1299,1300,1301,1302,1303,1304,1305
2,201,'5195',1306,1307,1308,1309,1310,1311,1312,1313,1314,1315,1316
2,201,'5196',1317,1318,1319,1320,1321,1322,1323,1324,1325
2,201,'5197',1326,1327,1328,1329,1330,1331,1332,1333,1334,1335,1336,1337,1338
3,300,'5195',1339,1340,1341,1342,1343,1344,1345,1346,1347,1348,1349
3,300,'5196',1350,1351,1352,1353,1354,1355,1356,1357,1358
3,300,'5197',1359,1360,1361,1362,1363,1364,1365,1366,1367,1368,1369,1370,1371
9,900,'5197',1372,1373,1374,1375
12,1200,'5195',1376,1377,1378
12,1200,'5198',1379,1380,1381,1382,1383
12,1201,'5195',1384,1385,1386
12,1201,'5198',1387,1388,1389,1390,1391
13,1300,'5199',1392,1393
13,1301,'5199',1394,1395
14,1400,'5195',1396,1397
14,1400,'5196',1398,1399
14,1400,'5198',1400,1401
14,1401,'5195',1402,1403
14,1401,'5196',1404,1405
14,1401,'5198',1406,1407
