100,'5014',711,,1023,51,4,,0,41,,1012,41,4,,0,164,,1016,51,4,,0,95,,1015,51,4,,0,120,,1019,51,4,,0,120,,1008,51,4,,0,80,,1027,51,4,,0,78,,1017,51,4,,0,42,,1026,51,4,,0,65,,1013,51,4,,0,15,,1011,51,4,,0,80,,1022,51,4,,0,40,,1010,51,4,,0,80,,1021,51,4,,0,80,,1024,51,4,,0,40,,1009,51,4,,0,160,,1020,51,4,,0,120,,1018,51,4,,0
100,'5209',756,,1042,51,4,,0,80,,1038,51,4,,0,80,,1028,51,4,,0,40,,1039,51,4,,0,160,,1029,51,4,,0,120,,1030,51,4,,0,120,,1040,51,4,,0,160,,1031,51,4,,0,40,,1041,51,4,,0,80,,1035,51,4,,0,80,,1034,51,4,,0,40,,1036,51,4,,0,80,,1032,51,4,,0,120,,1037,51,4,,0,165,,1033,51,4,,0,120,,1043,51,4,,0
100,'5210',756,,1044,51,4,,0,80,,1045,51,4,,0,80,,1046,51,4,,0,40,,1048,51,4,,0,160,,1047,51,4,,0,120,,1049,51,4,,0,120,,1050,51,4,,0,160,,1051,51,4,,0,40,,1052,51,4,,0,80,,1053,51,4,,0,80,,1054,51,4,,0,40,,1055,51,4,,0,160,,1056,51,4,,0
101,'5014',640,,1073,1,0,11 12 10,0,72,,1059,1,,,0,45,,1057,1,,,0,90,,1068,1,,,0,75,,1058,1,,,0,90,,1060,1,,,0,120,,1062,1,,,0,120,,1069,1,,,0,80,,1074,1,,,0,80,,1070,1,,,0,40,,1063,1,,,0,80,,1064,1,,,0,80,,1067,1,,,0,40,,1061,1,,,0,80,,1072,1,,,0,120,,1065,1,,,0,160,,1066,1,,,0,130,,1071,1,,,0
101,'5209',715,,1075,1,,,0,42,,1076,1,,,0,80,,1085,1,,,0,80,,1077,1,,,0,40,,1078,1,,,0,160,,1079,1,,,0,120,,1087,1,,,0,120,,1080,1,,,0,160,,1088,1,,,0,40,,1081,1,,,0,80,,1082,1,,,0,80,,1083,1,,,0,40,,1084,1,,,0,80,,1086,1,,,0,120,,1089,1,,,0,165,,1090,1,,,0,120,,1091,1,,,0
101,'5210',720,,1099,1,,,0,37,,1100,1,,,0,80,,1101,1,,,0,80,,1102,1,,,0,40,,1103,1,,,0,160,,1098,1,,,0,120,,1104,1,,,0,120,,1105,1,,,0,160,,1092,1,,,0,40,,1093,1,,,0,80,,1095,1,,,0,80,,1096,1,,,0,40,,1094,1,,,0,160,,1097,1,,,0
201,'5014',639,,1108,7,,,0,172,,1117,7,,,0,110,,1110,7,,,0,110,,1107,7,,,0,110,,1111,7,,,0,110,,1112,7,,,0,150,,1118,7,,,0,116,,1109,7,0,9 10,0,107,,1113,7,,,0,118,,1106,7,,,0,102,,1114,7,,,0,175,,1115,7,,,0,135,,1116,7,,,0
201,'5209',859,,1121,7,,,0,171,,1120,7,,,0,110,,1122,7,,,0,110,,1124,7,,,0,150,,1125,7,,,0,110,,1126,7,,,0,110,,1119,7,,,0,118,,1123,7,,,0,102,,1127,7,,,0,175,,1128,7,,,0,135,,1129,7,,,0
201,'5210',859,,1130,7,,,0,171,,1131,7,,,0,110,,1132,7,,,0,110,,1133,7,,,0,150,,1135,7,,,0,110,,1134,7,,,0,110,,1137,7,,,0,115,,1136,7,,,0,175,,1138,7,,,0
1400,'5209',904,,1196,25,,,0,630,,1195,7,,,0
1400,'5210',904,,1197,25,,,0,630,,1198,7,,,0
1400,'5211',904,,1200,25,,,0,630,,1199,7,,,0
