100,'5014',653,,1023,21,,,0,81,,1012,11,,,0,84,,1014,21,0,11 12 10,0,40,,1016,21,,,0,95,,1015,21,,,0,160,,1019,21,,,0,120,,1008,21,,,0,80,,1027,21,,,0,38,,1017,21,,,0,82,,1026,21,,,0,25,,1013,21,,,0,55,,1011,21,,,0,40,,1022,21,,,0,80,,1010,21,,,0,80,,1021,21,,,0,40,,1024,21,,,0,80,,1009,21,,,0,120,,1020,21,,,0,160,,1018,21,,,0,130,,1025,21,0,11 12 10,0
100,'5209',738,,1042,21,,,0,80,,1038,21,,,0,40,,1028,21,,,0,80,,1039,21,,,0,120,,1029,21,,,0,160,,1030,21,,,0,120,,1040,21,,,0,120,,1031,21,,,0,80,,1041,21,,,0,80,,1035,21,,,0,40,,1034,21,,,0,80,,1036,21,,,0,80,,1032,21,,,0,120,,1037,21,,,0,165,,1033,21,,,0,120,,1043,21,,,0
100,'5210',738,,1044,21,,,0,80,,1045,21,,,0,40,,1046,21,,,0,80,,1048,21,,,0,120,,1047,21,,,0,160,,1049,21,,,0,120,,1050,21,,,0,120,,1051,21,,,0,80,,1052,21,,,0,80,,1053,21,,,0,40,,1054,21,,,0,80,,1055,21,,,0,120,,1056,21,,,0
101,'5014',659,,1073,26,0,11 12 10,0,72,,1059,26,,,0,85,,1057,26,,,0,90,,1068,26,,,0,35,,1058,26,,,0,90,,1060,26,,,0,120,,1062,26,,,0,160,,1069,26,,,0,40,,1074,26,,,0,80,,1070,26,,,0,80,,1063,26,,,0,40,,1064,26,,,0,80,,1067,26,,,0,80,,1061,26,,,0,40,,1072,26,,,0,160,,1065,26,,,0,120,,1066,26,,,0,170,,1071,26,,,0
101,'5209',734,,1075,26,,,0,82,,1076,26,,,0,40,,1085,26,,,0,80,,1077,26,,,0,80,,1078,26,,,0,120,,1079,26,,,0,120,,1087,26,,,0,160,,1080,26,,,0,120,,1088,26,,,0,80,,1081,26,,,0,40,,1082,26,,,0,80,,1083,26,,,0,80,,1084,26,,,0,40,,1086,26,,,0,160,,1089,26,,,0,125,,1090,26,,,0,160,,1091,26,,,0
101,'5210',739,,1099,26,,,0,77,,1100,26,,,0,40,,1101,26,,,0,80,,1102,26,,,0,80,,1103,26,,,0,120,,1098,26,,,0,120,,1104,26,,,0,160,,1105,26,,,0,120,,1092,26,,,0,80,,1093,26,,,0,40,,1095,26,,,0,80,,1096,26,,,0,80,,1094,26,,,0,120,,1097,26,,,0
201,'5014',722,,1108,41,,,0,112,,1117,33,,,0,110,,1110,33,,,0,110,,1107,33,,,0,150,,1111,33,,,0,110,,1112,33,,,0,110,,1118,33,,,0,223,,1113,33,,,0,158,,1106,33,,,0,122,,1114,45,,,0,175,,1115,45,,,0,135,,1116,45,,,0
201,'5209',942,,1121,41,,,0,111,,1120,33,,,0,150,,1122,33,,,0,110,,1124,33,,,0,110,,1125,33,,,0,110,,1126,33,,,0,110,,1119,33,,,0,158,,1123,33,,,0,122,,1127,45,,,0,135,,1128,45,,,0,175,,1129,45,,,0
201,'5210',942,,1130,41,,,0,111,,1131,33,,,0,150,,1132,33,,,0,110,,1133,33,,,0,110,,1135,33,,,0,110,,1134,33,,,0,110,,1137,33,,,0,175,,1136,45,,,0,135,,1138,45,,,0
900,'5014',1534,,1174,5,,,0
1201,'5209',847,,1183,19,,,0,361,,1185,20,,,0,245,,1184,20,,,0
1201,'5211',736,,1190,19,,,0,111,,1189,19,,,0,361,,1187,20,,,0,245,,1188,20,,,0,390,,1186,18,,,0
1300,'5212',1014,,1192,13,,,0,915,,1191,13,,,0
1301,'5212',1522,,1193,4,,,0
1401,'5209',1022,,1202,16,,,0,629,,1201,16,,,0
1401,'5210',1022,,1203,16,,,0,629,,1204,16,,,0
1401,'5211',1022,,1206,16,,,0,629,,1205,16,,,0
