100,'4487',654,,348,,,0,81,,337,,,0,84,,339,4,,0,85,,341,,,0,50,,340,,,0,160,,344,,,0,120,,333,,,0,80,,352,,,0,38,,342,,,0,82,,351,,,0,25,,338,,,0,55,,336,,,0,40,,347,,,0,80,,335,,,0,80,,346,,,0,40,,349,,,0,80,,334,,,0,120,,345,,,0,160,,343,,,0,130,,350,4,,0
100,'4989',739,,353,,,0,80,,354,,,0,40,,355,,,0,80,,356,,,0,120,,357,,,0,160,,358,,,0,120,,359,,,0,120,,360,,,0,80,,361,,,0,80,,362,,,0,40,,363,,,0,80,,364,,,0,120,,365,,,0
100,'4990',654,,381,,,0,81,,370,,,0,84,,372,4,,0,85,,374,,,0,50,,373,,,0,160,,377,,,0,120,,366,,,0,80,,385,,,0,38,,375,,,0,82,,384,,,0,25,,371,,,0,55,,369,,,0,40,,380,,,0,80,,368,,,0,80,,379,,,0,40,,382,,,0,80,,367,,,0,120,,378,,,0,160,,376,,,0,130,,383,4,,0
100,'4994',739,,400,,,0,80,,396,,,0,40,,386,,,0,80,,397,,,0,120,,387,,,0,160,,388,,,0,120,,398,,,0,120,,389,,,0,80,,399,,,0,80,,393,,,0,40,,392,,,0,80,,394,,,0,80,,390,,,0,120,,395,,,0,165,,391,,,0,120,,401,,,0
101,'4487',700,,418,4,,0,32,,404,,,0,80,,402,,,0,95,,415,,,0,35,,403,,,0,90,,405,,,0,120,,407,,,0,160,,413,,,0,40,,419,,,0,80,,414,,,0,80,,408,,,0,40,,409,,,0,80,,412,,,0,80,,406,,,0,40,,417,,,0,160,,410,,,0,120,,411,,,0,170,,416,,,0
101,'4989',740,,427,,,0,77,,428,,,0,40,,429,,,0,80,,430,,,0,80,,431,,,0,120,,426,,,0,120,,432,,,0,160,,433,,,0,120,,420,,,0,80,,421,,,0,40,,422,,,0,80,,423,,,0,80,,425,,,0,120,,424,,,0
101,'4990',700,,450,4,,0,32,,436,,,0,80,,434,,,0,95,,447,,,0,35,,435,,,0,90,,437,,,0,120,,439,,,0,160,,445,,,0,40,,451,,,0,80,,446,,,0,80,,440,,,0,40,,441,,,0,80,,444,,,0,80,,438,,,0,40,,449,,,0,160,,442,,,0,120,,443,,,0,170,,448,,,0
101,'4994',735,,452,,,0,82,,453,,,0,40,,462,,,0,80,,454,,,0,80,,455,,,0,120,,456,,,0,120,,463,,,0,160,,457,,,0,120,,464,,,0,80,,458,,,0,40,,459,,,0,80,,460,,,0,80,,461,,,0,40,,465,,,0,160,,466,,,0,125,,467,,,0,160,,468,,,0
900,'4487',820,,562,0,7 8,0,715,,564,4,,0,66,,561,4,,0
900,'4990',820,,566,0,7 8,0,715,,567,4,,0,66,,565,4,,0
