100,'5195',736,,1221,18,,,0,80,,1217,18,,,0,40,,1207,18,,,0,80,,1218,18,,,0,120,,1208,18,,,0,160,,1209,18,,,0,120,,1219,18,,,0,120,,1210,18,,,0,80,,1220,18,,,0,80,,1214,18,,,0,40,,1213,18,,,0,80,,1215,18,,,0,80,,1211,18,,,0,120,,1216,18,,,0,165,,1212,18,,,0,120,,1222,18,,,0
100,'5196',736,,1223,18,,,0,80,,1224,18,,,0,40,,1225,18,,,0,80,,1227,18,,,0,120,,1226,18,,,0,160,,1228,18,,,0,120,,1229,18,,,0,120,,1230,18,,,0,80,,1231,18,,,0,80,,1232,18,,,0,40,,1233,18,,,0,80,,1234,18,,,0,120,,1235,18,,,0
100,'5197',651,,1251,18,,,0,81,,1240,8,,,0,84,,1242,18,0,11 12 10,0,40,,1244,18,,,0,95,,1243,18,,,0,160,,1247,18,,,0,120,,1236,18,,,0,80,,1255,18,,,0,38,,1245,18,,,0,82,,1254,18,,,0,25,,1241,18,,,0,55,,1239,18,,,0,40,,1250,18,,,0,80,,1238,18,,,0,80,,1249,18,,,0,40,,1252,18,,,0,80,,1237,18,,,0,120,,1248,18,,,0,160,,1246,18,,,0,130,,1253,18,0,11 12 10,0
201,'5195',941,,1308,38,,,0,111,,1307,30,,,0,150,,1309,30,,,0,110,,1311,30,,,0,110,,1312,30,,,0,110,,1313,30,,,0,110,,1306,30,,,0,158,,1310,30,,,0,122,,1314,42,,,0,135,,1315,42,,,0,175,,1316,42,,,0
201,'5196',941,,1317,38,,,0,111,,1318,30,,,0,150,,1319,30,,,0,110,,1320,30,,,0,110,,1322,30,,,0,110,,1321,30,,,0,110,,1324,30,,,0,175,,1323,42,,,0,135,,1325,42,,,0
201,'5197',721,,1328,38,,,0,112,,1337,31,,,0,110,,1330,30,,,0,110,,1327,30,,,0,150,,1331,30,,,0,110,,1332,30,,,0,110,,1338,30,,,0,223,,1333,30,,,0,158,,1326,30,,,0,122,,1334,42,,,0,175,,1335,42,,,0,135,,1336,42,,,0
900,'5197',1533,,1374,3,,,0
1300,'5199',1012,,1393,10,,,0,915,,1392,10,,,0
1401,'5195',1021,,1403,13,,,0,629,,1402,13,,,0
1401,'5196',1021,,1404,13,,,0,629,,1405,13,,,0
1401,'5198',1021,,1407,13,,,0,629,,1406,13,,,0
