100,'5195',740,,1221,23,,,0,80,,1217,23,,,0,80,,1207,23,,,0,40,,1218,23,,,0,160,,1208,23,,,0,120,,1209,23,,,0,120,,1219,23,,,0,160,,1210,23,,,0,40,,1220,23,,,0,80,,1214,23,,,0,80,,1213,23,,,0,40,,1215,23,,,0,80,,1211,23,,,0,120,,1216,23,,,0,165,,1212,23,,,0,120,,1222,23,,,0
100,'5196',740,,1223,23,,,0,80,,1224,23,,,0,80,,1225,23,,,0,40,,1227,23,,,0,160,,1226,23,,,0,120,,1228,23,,,0,120,,1229,23,,,0,160,,1230,23,,,0,40,,1231,23,,,0,80,,1232,23,,,0,80,,1233,23,,,0,40,,1234,23,,,0,160,,1235,23,,,0
100,'5197',655,,1251,23,,,0,81,,1240,13,,,0,90,,1256,2,,,0,74,,1244,23,,,0,55,,1243,23,,,0,160,,1247,23,,,0,120,,1236,23,,,0,80,,1255,23,,,0,38,,1245,23,,,0,82,,1254,23,,,0,65,,1241,23,,,0,15,,1239,23,,,0,40,,1250,23,,,0,80,,1238,23,,,0,80,,1249,23,,,0,40,,1252,23,,,0,80,,1237,23,,,0,120,,1248,23,,,0,160,,1246,23,,,0
101,'5195',736,,1257,28,,,0,82,,1258,28,,,0,40,,1267,28,,,0,80,,1259,28,,,0,80,,1260,28,,,0,120,,1261,28,,,0,120,,1268,28,,,0,160,,1262,28,,,0,120,,1269,28,,,0,80,,1263,28,,,0,40,,1264,28,,,0,80,,1265,28,,,0,80,,1266,28,,,0,40,,1270,28,,,0,160,,1271,28,,,0,125,,1272,28,,,0,160,,1273,28,,,0
101,'5196',741,,1281,28,,,0,77,,1282,28,,,0,40,,1283,28,,,0,80,,1284,28,,,0,80,,1285,28,,,0,120,,1280,28,,,0,120,,1286,28,,,0,160,,1287,28,,,0,120,,1274,28,,,0,80,,1275,28,,,0,40,,1276,28,,,0,80,,1277,28,,,0,80,,1279,28,,,0,120,,1278,28,,,0
101,'5197',733,,1290,28,,,0,85,,1288,28,,,0,90,,1301,28,,,0,35,,1289,28,,,0,90,,1291,28,,,0,120,,1293,28,,,0,160,,1299,28,,,0,40,,1305,28,,,0,80,,1300,28,,,0,80,,1294,28,,,0,40,,1295,28,,,0,80,,1298,28,,,0,80,,1292,28,,,0,40,,1303,28,,,0,160,,1296,28,,,0,120,,1297,28,,,0,170,,1302,28,,,0
201,'5195',851,,1308,2,,,0,171,,1307,2,,,0,110,,1309,2,,,0,110,,1311,2,,,0,110,,1312,2,,,0,150,,1313,2,,,0,110,,1306,2,,,0,118,,1310,2,,,0,102,,1314,2,,,0,175,,1315,2,,,0,135,,1316,2,,,0
201,'5196',851,,1317,2,,,0,171,,1318,2,,,0,110,,1319,2,,,0,110,,1320,2,,,0,110,,1322,2,,,0,150,,1321,2,,,0,110,,1324,2,,,0,115,,1323,2,,,0,175,,1325,2,,,0
201,'5197',631,,1328,2,,,0,172,,1337,2,,,0,110,,1330,2,,,0,110,,1327,2,,,0,110,,1331,2,,,0,110,,1332,2,,,0,110,,1338,2,,,0,156,,1329,2,0,9 10,0,107,,1333,2,,,0,118,,1326,2,,,0,102,,1334,2,,,0,175,,1335,2,,,0,135,,1336,2,,,0
300,'5195',956,,1344,2,,,0,150,,1345,2,,,0,110,,1346,2,,,0,110,,1343,2,,,0,110,,1342,2,,,0,110,,1347,2,,,0,110,,1348,2,,,0,150,,1339,2,,,0,135,,1341,2,,,0,175,,1340,2,,,0
300,'5196',956,,1352,2,,,0,150,,1350,2,,,0,110,,1351,2,,,0,110,,1353,2,,,0,110,,1354,2,,,0,110,,1355,2,,,0,155,,1356,2,,,0,135,,1357,2,,,0
300,'5197',706,,1371,2,0,13 9,0,30,,1369,2,,,0,110,,1359,2,,,0,111,,1360,2,,,0,150,,1361,2,,,0,110,,1362,2,,,0,110,,1370,2,,,0,110,,1363,2,,,0,104,,1364,2,,,0,159,,1365,2,,,0,110,,1366,2,,,0,135,,1367,2,,,0,175,,1368,2,,,0
1200,'5195',742,,1377,2,0,6,0,286,,1378,2,,,0,290,,1376,2,,,0
1200,'5198',631,,1382,2,0,6,0,111,,1383,2,0,6,0,286,,1381,2,,,0,290,,1380,2,,,0,413,,1379,2,0,6,0
1300,'5199',1017,,1393,15,,,0
1301,'5199',621,,1395,2,,,0,905,,1394,6,,,0
1400,'5195',851,,1397,2,,,0,675,,1396,2,,,0
1400,'5196',851,,1398,2,,,0,675,,1399,2,,,0
1400,'5198',851,,1401,2,,,0,675,,1400,2,,,0
