101,'5195',738,,857,31,,,0,82,,858,31,,,0,80,,867,31,,,0,40,,859,31,,,0,80,,860,31,,,0,120,,861,31,,,0,160,,868,31,,,0,120,,862,31,,,0,120,,869,31,,,0,80,,863,31,,,0,80,,864,31,,,0,40,,865,31,,,0,80,,866,31,,,0,80,,870,31,,,0,120,,871,31,,,0,125,,872,31,,,0,160,,873,31,,,0
101,'5196',743,,881,31,,,0,77,,882,31,,,0,80,,883,31,,,0,40,,884,31,,,0,80,,885,31,,,0,120,,880,31,,,0,160,,886,31,,,0,120,,887,31,,,0,120,,874,31,,,0,80,,875,31,,,0,80,,876,31,,,0,40,,877,31,,,0,80,,879,31,,,0,120,,878,31,,,0
101,'5197',735,,890,31,,,0,85,,888,31,,,0,90,,901,31,,,0,35,,889,31,,,0,90,,891,31,,,0,120,,893,31,,,0,160,,899,31,,,0,40,,905,31,,,0,80,,900,31,,,0,80,,894,31,,,0,40,,895,31,,,0,80,,898,31,,,0,80,,892,31,,,0,40,,903,31,,,0,160,,896,31,,,0,120,,897,31,,,0,170,,902,31,,,0
201,'5195',852,,908,5,,,0,171,,907,5,,,0,110,,909,5,,,0,110,,911,5,,,0,110,,912,5,,,0,150,,913,5,,,0,110,,906,5,,,0,118,,910,5,,,0,102,,914,5,,,0,175,,915,5,,,0,135,,916,5,,,0
201,'5196',852,,917,5,,,0,171,,918,5,,,0,110,,919,5,,,0,110,,920,5,,,0,110,,922,5,,,0,150,,921,5,,,0,110,,924,5,,,0,115,,923,5,,,0,175,,925,5,,,0
201,'5197',632,,928,5,,,0,172,,937,5,,,0,110,,930,5,,,0,110,,927,5,,,0,110,,931,5,,,0,110,,932,5,,,0,110,,938,5,,,0,156,,929,5,0,9 10,0,107,,933,5,,,0,118,,926,5,,,0,102,,934,5,,,0,175,,935,5,,,0,135,,936,5,,,0
1301,'5199',623,,995,5,,,0,905,,994,9,,,0
1400,'5195',1527,,996,5,,,0
1400,'5196',1527,,999,5,,,0
1400,'5198',1527,,1000,5,,,0
