100,'5014',656,,1423,24,,,0,81,,1412,14,,,0,164,,1416,24,,,0,55,,1415,24,,,0,160,,1419,24,,,0,120,,1408,24,,,0,80,,1427,24,,,0,38,,1417,24,,,0,82,,1426,24,,,0,65,,1413,24,,,0,15,,1411,24,,,0,40,,1422,24,,,0,80,,1410,24,,,0,80,,1421,24,,,0,40,,1424,24,,,0,80,,1409,24,,,0,120,,1420,24,,,0,160,,1418,24,,,0
100,'5209',741,,1442,24,,,0,80,,1438,24,,,0,80,,1428,24,,,0,40,,1439,24,,,0,160,,1429,24,,,0,120,,1430,24,,,0,120,,1440,24,,,0,160,,1431,24,,,0,40,,1441,24,,,0,80,,1435,24,,,0,80,,1434,24,,,0,40,,1436,24,,,0,80,,1432,24,,,0,120,,1437,24,,,0,165,,1433,24,,,0,120,,1443,24,,,0
100,'5210',741,,1444,24,,,0,80,,1445,24,,,0,80,,1446,24,,,0,40,,1448,24,,,0,160,,1447,24,,,0,120,,1449,24,,,0,120,,1450,24,,,0,160,,1451,24,,,0,40,,1452,24,,,0,80,,1453,24,,,0,80,,1454,24,,,0,40,,1455,24,,,0,160,,1456,24,,,0
300,'5014',707,,1551,3,0,13 9,0,30,,1549,3,,,0,110,,1539,3,,,0,111,,1540,3,,,0,150,,1541,3,,,0,110,,1542,3,,,0,110,,1550,3,,,0,110,,1543,3,,,0,104,,1544,3,,,0,159,,1545,3,,,0,110,,1546,3,,,0,135,,1547,3,,,0,175,,1548,3,,,0
300,'5209',957,,1558,3,,,0,150,,1559,3,,,0,110,,1560,3,,,0,110,,1556,3,,,0,110,,1555,3,,,0,110,,1557,3,,,0,110,,1561,3,,,0,150,,1552,3,,,0,135,,1554,3,,,0,175,,1553,3,,,0
300,'5210',957,,1565,3,,,0,150,,1563,3,,,0,110,,1564,3,,,0,110,,1566,3,,,0,110,,1567,3,,,0,110,,1568,3,,,0,155,,1569,3,,,0,135,,1570,3,,,0
1300,'5212',1017,,1592,16,,,0
1400,'5209',851,,1596,3,,,0
1400,'5210',851,,1597,3,,,0
1400,'5211',851,,1600,3,,,0
