101,'5195',737,,1257,29,,,0,82,,1258,29,,,0,40,,1267,29,,,0,80,,1259,29,,,0,80,,1260,29,,,0,120,,1261,29,,,0,120,,1268,29,,,0,160,,1262,29,,,0,120,,1269,29,,,0,80,,1263,29,,,0,40,,1264,29,,,0,80,,1265,29,,,0,80,,1266,29,,,0,40,,1270,29,,,0,160,,1271,29,,,0,125,,1272,29,,,0,160,,1273,29,,,0
101,'5196',742,,1281,29,,,0,77,,1282,29,,,0,40,,1283,29,,,0,80,,1284,29,,,0,80,,1285,29,,,0,120,,1280,29,,,0,120,,1286,29,,,0,160,,1287,29,,,0,120,,1274,29,,,0,80,,1275,29,,,0,40,,1276,29,,,0,80,,1277,29,,,0,80,,1279,29,,,0,120,,1278,29,,,0
101,'5197',734,,1290,29,,,0,85,,1288,29,,,0,90,,1301,29,,,0,35,,1289,29,,,0,90,,1291,29,,,0,120,,1293,29,,,0,160,,1299,29,,,0,40,,1305,29,,,0,80,,1300,29,,,0,80,,1294,29,,,0,40,,1295,29,,,0,80,,1298,29,,,0,80,,1292,29,,,0,40,,1303,29,,,0,160,,1296,29,,,0,120,,1297,29,,,0,170,,1302,29,,,0
201,'5195',851,,1308,3,,,0,171,,1307,3,,,0,110,,1309,3,,,0,110,,1311,3,,,0,110,,1312,3,,,0,150,,1313,3,,,0,110,,1306,3,,,0,118,,1310,3,,,0,102,,1314,3,,,0,175,,1315,3,,,0,135,,1316,3,,,0
201,'5196',851,,1317,3,,,0,171,,1318,3,,,0,110,,1319,3,,,0,110,,1320,3,,,0,110,,1322,3,,,0,150,,1321,3,,,0,110,,1324,3,,,0,115,,1323,3,,,0,175,,1325,3,,,0
201,'5197',631,,1328,3,,,0,172,,1337,3,,,0,110,,1330,3,,,0,110,,1327,3,,,0,110,,1331,3,,,0,110,,1332,3,,,0,110,,1338,3,,,0,156,,1329,3,0,9 10,0,107,,1333,3,,,0,118,,1326,3,,,0,102,,1334,3,,,0,175,,1335,3,,,0,135,,1336,3,,,0
1301,'5199',622,,1395,3,,,0,905,,1394,7,,,0
1400,'5195',1526,,1396,3,,,0
1400,'5196',1526,,1399,3,,,0
1400,'5198',1526,,1400,3,,,0
