100,164156,1,0,0
100,116067,2,0,0
100,116068,3,0,0
100,116069,4,0,0
100,116070,5,0,0
100,116071,6,0,0
100,164184,7,0,0
100,164081,8,0,0
100,164083,9,0,0
100,164084,10,0,0
100,164085,11,0,0
100,116011,12,0,0
100,116054,13,0,0
100,164170,14,0,0
100,164157,15,0,0
100,164086,16,0,0
100,164161,17,0,0
100,164166,18,0,0
100,164144,19,0,0
100,164142,20,0,0
100,164177,21,0,0
100,164139,22,0,0
100,116063,23,0,0
100,164141,24,0,0
100,116017,25,0,0
100,116009,26,0,0
100,116007,27,0,0
100,116018,28,0,0
100,116072,29,0,0
100,164004,30,0,0
100,164005,31,0,0
100,164006,32,0,0
100,164007,33,0,0
100,164008,34,0,0
100,164009,35,0,0
100,164010,36,0,0
100,164153,37,0,0
100,116081,38,0,0
100,116073,39,0,0
100,116058,40,0,0
100,164016,41,0,0
100,164126,42,0,0
100,164017,43,0,0
100,116060,44,0,0
100,164018,45,0,0
100,164019,46,0,0
100,164131,47,0,0
100,164020,48,0,0
100,164021,49,0,0
100,164022,50,0,0
100,164023,51,0,0
100,116031,52,1,1
101,116031,1,0,0
101,164024,2,0,0
101,164034,3,0,0
101,164035,4,0,0
101,164036,5,0,0
101,116030,6,0,0
101,164038,7,0,0
101,164039,8,0,0
101,164040,9,0,0
101,164158,10,0,0
101,164120,11,0,0
101,164108,12,0,0
101,116082,13,0,0
101,116076,14,0,0
101,164125,15,0,0
101,164113,16,0,0
101,164043,17,0,0
101,164044,18,0,0
101,164045,19,0,0
101,164147,20,0,0
101,164046,21,0,0
101,164047,22,0,0
101,116075,23,0,0
101,116006,24,0,0
101,116008,25,0,0
101,164139,26,0,0
101,116065,27,0,0
101,164141,28,0,0
101,164135,29,0,0
101,164052,30,0,0
101,164053,31,0,0
101,164163,32,0,0
101,164056,33,0,0
101,164057,34,0,0
101,164058,35,0,0
101,164059,36,0,0
101,164061,37,0,0
101,164062,38,0,0
101,164063,39,0,0
101,164064,40,0,0
101,164065,41,0,0
101,116074,42,0,0
101,164149,43,0,0
101,116019,44,0,0
101,164068,45,0,0
101,164069,46,0,0
101,164070,47,0,0
101,164071,48,0,0
101,164072,49,0,0
101,164073,50,0,0
101,164165,51,0,0
101,164114,52,0,0
101,164155,53,0,0
101,164156,54,1,1
201,116064,1,0,0
201,164141,2,0,0
201,164135,3,0,0
201,164052,4,0,0
201,164053,5,0,0
201,116061,6,0,0
201,116031,7,0,0
201,164024,8,0,0
201,164025,9,0,0
201,164026,10,0,0
201,164107,11,0,0
201,164027,12,0,0
201,164106,13,0,0
201,164123,14,0,0
201,164197,15,0,0
201,164194,16,0,0
201,164128,17,0,0
201,164129,18,0,0
201,116055,19,0,0
201,164029,20,0,0
201,164198,21,0,0
201,164030,22,0,0
201,164115,23,0,0
201,164031,24,0,0
201,164110,25,0,0
201,164185,26,0,0
201,116077,27,0,0
201,116078,28,0,0
201,116079,29,0,0
201,116080,30,0,0
201,116003,31,0,0
201,116004,32,0,0
201,164171,33,0,0
201,164175,34,0,0
201,164179,35,0,0
201,164032,36,0,0
201,164033,37,0,0
201,116028,38,0,0
201,164127,39,0,0
201,164144,40,0,0
201,164142,41,0,0
201,164177,42,0,0
201,164139,43,0,0
300,116064,1,0,0
300,164141,2,0,0
300,116017,3,0,0
300,116009,4,0,0
300,116007,5,0,0
300,116018,6,0,0
300,116033,7,0,0
300,116072,8,0,0
300,164048,9,0,0
300,164180,10,0,0
300,164049,11,0,0
300,116083,12,0,0
300,116084,13,0,0
300,164087,14,0,0
300,164088,15,0,0
300,164089,16,0,0
300,116059,17,0,0
300,164132,18,0,0
300,164090,19,0,0
300,164193,20,0,0
300,164091,21,0,0
300,164183,22,0,0
300,116023,23,0,0
300,164173,24,0,0
300,164092,25,0,0
300,116027,26,0,0
300,164093,27,0,0
300,116026,28,0,0
300,116011,29,0,0
300,116054,30,0,0
300,164095,31,0,0
300,164096,32,0,0
300,164097,33,0,0
300,164118,34,0,0
300,116038,35,1,0
900,164127,1,0,0
900,116060,2,0,0
900,164144,3,0,0
900,164142,4,0,0
900,164139,5,0,0
900,116063,6,0,0
900,164101,7,0,0
900,164100,8,0,0
900,164002,9,0,0
900,164003,10,0,0
900,116015,11,0,0
900,164162,12,0,0
900,164004,13,0,0
900,164005,14,0,0
900,164006,15,0,0
900,164007,16,0,0
900,164008,17,0,0
900,164009,18,0,0
900,164010,19,0,0
900,164153,20,0,0
900,164111,21,0,0
900,164011,22,0,0
900,164012,23,0,0
900,164013,24,0,0
900,164109,25,0,0
900,164117,26,0,0
900,164054,27,0,0
900,164055,28,0,0
900,164140,29,0,0
900,116005,30,0,0
900,164014,31,0,0
900,116073,32,0,0
900,116058,33,0,0
900,164016,34,0,0
900,164126,35,0,0
900,164017,36,0,0
900,164158,38,0,0
900,164120,39,0,0
900,164108,40,0,0
900,116082,41,0,0
900,164122,42,0,0
900,164121,48,0,0
900,164133,49,0,0
900,164041,50,0,0
900,164143,51,0,0
900,164042,52,0,0
900,164125,53,0,0
900,164113,54,0,0
900,164043,55,0,0
900,164044,56,0,0
900,164045,57,0,0
900,164147,58,0,0
900,164046,59,0,0
900,164047,60,0,0
900,164048,61,0,0
900,164180,62,0,0
900,164049,63,0,0
900,164148,64,0,0
900,164050,65,0,0
900,164051,66,0,0
1200,116062,1,0,0
1200,164141,2,0,0
1200,164102,3,0,0
1200,116020,4,0,0
1200,164089,5,0,0
1200,164134,6,0,0
1200,116012,7,0,0
1200,116042,8,0,0
1200,164181,9,0,0
1200,116040,10,0,0
1200,116066,11,0,0
1200,164174,12,0,0
1200,164178,13,0,0
1200,164150,14,0,0
1200,116014,15,1,1
1201,116014,1,0,0
1201,116043,2,0,0
1201,116056,3,0,0
1201,164150,4,0,0
1201,164189,5,0,0
1201,164160,6,0,0
1201,116066,7,0,0
1201,116039,8,0,0
1201,164176,9,0,0
1201,116041,10,0,0
1201,116013,11,0,0
1201,164136,12,0,0
1201,164090,13,0,0
1201,164095,14,0,0
1201,164096,15,0,0
1201,164097,16,0,0
1201,164118,17,0,0
1201,116038,18,0,0
1201,116057,19,0,0
1201,116021,20,0,0
1201,164098,21,0,0
1201,164139,22,0,0
1201,116062,23,1,1
1300,116044,1,0,0
1300,116051,2,0,0
1300,116052,3,0,0
1300,116047,4,0,0
1300,116050,5,0,0
1300,164157,6,0,0
1300,164086,7,0,0
1300,164161,8,0,0
1300,164166,9,0,0
1300,164144,10,0,0
1300,164142,11,0,0
1300,164177,12,0,0
1300,164139,13,0,0
1300,116062,14,0,0
1300,164141,15,0,0
1300,116017,16,0,0
1300,116009,17,0,0
1300,116007,18,0,0
1300,116033,19,1,1
1301,116033,1,0,0
1301,116006,2,0,0
1301,116008,3,0,0
1301,164139,4,0,0
1301,116062,5,0,0
1301,164141,6,0,0
1301,164135,7,0,0
1301,164052,8,0,0
1301,164053,9,0,0
1301,164163,10,0,0
1301,164056,11,0,0
1301,116053,12,0,0
1301,116046,13,0,0
1301,116047,14,0,0
1301,116045,15,0,0
1301,116048,16,0,0
1301,116044,17,1,1
1400,116062,1,0,0
1400,164141,2,0,0
1400,116017,3,0,0
1400,116009,4,0,0
1400,116024,5,0,0
1400,116007,6,0,0
1400,116018,7,0,0
1400,116033,8,0,0
1400,116072,9,0,0
1400,164004,10,0,0
1400,164005,11,0,0
1400,164006,12,0,0
1400,164007,13,0,0
1400,164008,14,0,0
1400,164009,15,0,0
1400,164010,16,0,0
1400,164153,17,0,0
1400,116081,18,0,0
1400,116073,19,0,0
1400,116058,20,0,0
1400,164016,21,0,0
1400,164126,22,0,0
1400,164017,23,0,0
1400,116060,24,0,0
1400,164135,25,0,0
1400,164052,26,0,0
1400,164053,27,0,0
1400,116061,28,0,0
1400,116031,29,0,0
1400,164024,30,0,0
1400,164025,31,0,0
1400,164026,32,0,0
1400,164107,33,0,0
1400,164027,34,0,0
1400,164106,35,0,0
1400,164197,36,0,0
1400,164185,37,0,0
1400,164188,38,0,0
1400,164116,39,0,0
1400,164186,40,0,0
1400,116000,41,1,1
1401,116000,1,0,0
1401,164187,2,0,0
1401,164190,3,0,0
1401,164182,4,0,0
1401,116003,5,0,0
1401,116004,6,0,0
1401,164171,7,0,0
1401,164175,8,0,0
1401,164179,9,0,0
1401,164032,10,0,0
1401,164033,11,0,0
1401,116028,12,0,0
1401,164144,13,0,0
1401,164142,14,0,0
1401,164177,15,0,0
1401,164139,16,0,0
1401,116062,17,1,1
