101,'4327',721,,1150,2,,,0,37,,1151,2,,,0,80,,1152,2,,,0,80,,1153,2,,,0,40,,1154,2,,,0,160,,1149,2,,,0,120,,1155,2,,,0,120,,1156,2,,,0,160,,1143,2,,,0,40,,1144,2,,,0,80,,1145,2,,,0,80,,1146,2,,,0,40,,1148,2,,,0,160,,1147,2,,,0
101,'5169',716,,1157,2,,,0,42,,1158,2,,,0,80,,1167,2,,,0,80,,1159,2,,,0,40,,1160,2,,,0,160,,1161,2,,,0,120,,1168,2,,,0,120,,1162,2,,,0,160,,1169,2,,,0,40,,1163,2,,,0,80,,1164,2,,,0,80,,1165,2,,,0,40,,1166,2,,,0,80,,1170,2,,,0,120,,1171,2,,,0,165,,1172,2,,,0,120,,1173,2,,,0
101,'5188',641,,703,2,0,11 12 10,0,72,,1018,2,,,0,45,,695,2,,,0,90,,1025,2,,,0,75,,696,2,,,0,90,,1019,2,,,0,120,,1021,2,,,0,120,,1023,2,,,0,80,,704,2,,,0,80,,1024,2,,,0,40,,697,2,,,0,80,,1022,2,,,0,80,,700,2,,,0,40,,1020,2,,,0,80,,702,2,,,0,120,,698,2,,,0,160,,699,2,,,0,130,,701,2,,,0
101,'5197',641,,1190,2,0,11 12 10,0,72,,1176,2,,,0,45,,1174,2,,,0,90,,1187,2,,,0,75,,1175,2,,,0,90,,1177,2,,,0,120,,1179,2,,,0,120,,1185,2,,,0,80,,1191,2,,,0,80,,1186,2,,,0,40,,1180,2,,,0,80,,1181,2,,,0,80,,1184,2,,,0,40,,1178,2,,,0,80,,1189,2,,,0,120,,1182,2,,,0,160,,1183,2,,,0,130,,1188,2,,,0
201,'4327',859,,1192,8,,,0,172,,1193,8,,,0,110,,1194,8,,,0,110,,1195,8,,,0,150,,1197,8,,,0,110,,1196,8,,,0,110,,1199,8,,,0,114,,1198,8,,,0,175,,1200,8,,,0
201,'5169',859,,1203,8,,,0,172,,1202,8,,,0,110,,1204,8,,,0,110,,1206,8,,,0,150,,1207,8,,,0,110,,1208,8,,,0,110,,1201,8,,,0,118,,1205,8,,,0,101,,1209,8,,,0,175,,1210,8,,,0,135,,1211,8,,,0
201,'5188',639,,1048,8,,,0,173,,1056,8,,,0,110,,1049,8,,,0,110,,1047,8,,,0,110,,1050,8,,,0,110,,1051,8,,,0,150,,1057,8,,,0,116,,736,8,0,9 10,0,107,,1052,8,,,0,118,,1046,8,,,0,101,,1053,8,,,0,175,,1054,8,,,0,135,,1055,8,,,0
201,'5197',639,,1214,8,,,0,173,,1223,8,,,0,110,,1216,8,,,0,110,,1213,8,,,0,110,,1217,8,,,0,110,,1218,8,,,0,150,,1224,8,,,0,116,,1215,8,0,9 10,0,107,,1219,8,,,0,118,,1212,8,,,0,101,,1220,8,,,0,175,,1221,8,,,0,135,,1222,8,,,0
1400,'4327',905,,1282,26,,,0,629,,1283,8,,,0
1400,'5169',905,,1285,26,,,0,629,,1284,8,,,0
1400,'5192',905,,804,26,,,0,629,,803,8,,,0
1400,'5198',905,,1287,26,,,0,629,,1286,8,,,0
