100,'5009',749,,628,38,,,0,80,,624,38,,,0,80,,614,38,,,0,40,,625,38,,,0,160,,615,38,,,0,120,,616,38,,,0,120,,626,38,,,0,160,,617,38,,,0,40,,627,38,,,0,80,,621,38,,,0,80,,620,38,,,0,40,,622,38,,,0,80,,618,38,,,0,120,,623,38,,,0,165,,619,38,,,0,120,,629,38,,,0
100,'5010',749,,630,38,,,0,80,,631,38,,,0,80,,632,38,,,0,40,,634,38,,,0,160,,633,38,,,0,120,,635,38,,,0,120,,636,38,,,0,160,,637,38,,,0,40,,638,38,,,0,80,,639,38,,,0,80,,640,38,,,0,40,,641,38,,,0,160,,642,38,,,0
100,'5188',704,,662,38,,,0,41,,644,28,,,0,90,,653,17,,,0,74,,645,38,,,0,95,,659,38,,,0,120,,661,38,,,0,120,,654,38,,,0,80,,652,38,,,0,78,,660,38,,,0,42,,651,38,,,0,65,,657,38,,,0,15,,656,38,,,0,80,,649,38,,,0,40,,655,38,,,0,80,,648,38,,,0,80,,663,38,,,0,40,,643,38,,,0,160,,647,38,,,0,120,,646,38,,,0
100,'5195',749,,821,38,,,0,80,,817,38,,,0,80,,807,38,,,0,40,,818,38,,,0,160,,808,38,,,0,120,,809,38,,,0,120,,819,38,,,0,160,,810,38,,,0,40,,820,38,,,0,80,,814,38,,,0,80,,813,38,,,0,40,,815,38,,,0,80,,811,38,,,0,120,,816,38,,,0,165,,812,38,,,0,120,,822,38,,,0
100,'5196',749,,823,38,,,0,80,,824,38,,,0,80,,825,38,,,0,40,,827,38,,,0,160,,826,38,,,0,120,,828,38,,,0,120,,829,38,,,0,160,,830,38,,,0,40,,831,38,,,0,80,,832,38,,,0,80,,833,38,,,0,40,,834,38,,,0,160,,835,38,,,0
100,'5197',704,,851,38,,,0,41,,840,28,,,0,90,,856,17,,,0,74,,844,38,,,0,95,,843,38,,,0,120,,847,38,,,0,120,,836,38,,,0,80,,855,38,,,0,78,,845,38,,,0,42,,854,38,,,0,65,,841,38,,,0,15,,839,38,,,0,80,,850,38,,,0,40,,838,38,,,0,80,,849,38,,,0,80,,852,38,,,0,40,,837,38,,,0,160,,848,38,,,0,120,,846,38,,,0
900,'5188',836,,780,27,0,7 14,0
900,'5197',836,,973,27,0,7 14,0
1400,'5192',859,,804,19,,,0
1400,'5195',859,,997,19,,,0
1400,'5196',859,,998,19,,,0
1400,'5198',859,,1001,19,,,0
