100,'5009',731,,628,11,,,0,80,,624,11,,,0,40,,614,11,,,0,80,,625,11,,,0,120,,615,11,,,0,160,,616,11,,,0,120,,626,11,,,0,120,,617,11,,,0,80,,627,11,,,0,80,,621,11,,,0,40,,620,11,,,0,80,,622,11,,,0,80,,618,11,,,0,120,,623,11,,,0,125,,619,11,,,0,160,,629,11,,,0
100,'5010',731,,630,11,,,0,80,,631,11,,,0,40,,632,11,,,0,80,,634,11,,,0,120,,633,11,,,0,160,,635,11,,,0,120,,636,11,,,0,120,,637,11,,,0,80,,638,11,,,0,80,,639,11,,,0,40,,640,11,,,0,80,,641,11,,,0,120,,642,11,,,0
100,'5188',646,,662,11,,,0,81,,644,1,,,0,84,,658,11,0,11 12 10,0,40,,645,11,,,0,95,,659,11,,,0,160,,661,11,,,0,120,,654,11,,,0,80,,652,11,,,0,38,,660,11,,,0,82,,651,11,,,0,25,,657,11,,,0,55,,656,11,,,0,40,,649,11,,,0,80,,655,11,,,0,80,,648,11,,,0,40,,663,11,,,0,80,,643,11,,,0,120,,647,11,,,0,160,,646,11,,,0,130,,650,11,0,11 12 10,0
100,'5195',731,,821,11,,,0,80,,817,11,,,0,40,,807,11,,,0,80,,818,11,,,0,120,,808,11,,,0,160,,809,11,,,0,120,,819,11,,,0,120,,810,11,,,0,80,,820,11,,,0,80,,814,11,,,0,40,,813,11,,,0,80,,815,11,,,0,80,,811,11,,,0,120,,816,11,,,0,125,,812,11,,,0,160,,822,11,,,0
100,'5196',731,,823,11,,,0,80,,824,11,,,0,40,,825,11,,,0,80,,827,11,,,0,120,,826,11,,,0,160,,828,11,,,0,120,,829,11,,,0,120,,830,11,,,0,80,,831,11,,,0,80,,832,11,,,0,40,,833,11,,,0,80,,834,11,,,0,120,,835,11,,,0
100,'5197',646,,851,11,,,0,81,,840,1,,,0,84,,842,11,0,11 12 10,0,40,,844,11,,,0,95,,843,11,,,0,160,,847,11,,,0,120,,836,11,,,0,80,,855,11,,,0,38,,845,11,,,0,82,,854,11,,,0,25,,841,11,,,0,55,,839,11,,,0,40,,850,11,,,0,80,,838,11,,,0,80,,849,11,,,0,40,,852,11,,,0,80,,837,11,,,0,120,,848,11,,,0,160,,846,11,,,0,130,,853,11,0,11 12 10,0
300,'5009',843,,756,12,,,0,171,,751,29,,,0,110,,752,29,,,0,110,,753,29,,,0,110,,750,29,,,0,110,,749,29,,,0,150,,754,29,,,0,110,,755,29,,,0,110,,746,29,,,0,135,,748,29,,,0,175,,747,29,,,0
300,'5010',843,,765,12,,,0,171,,758,29,,,0,110,,757,29,,,0,110,,759,29,,,0,110,,760,29,,,0,110,,761,29,,,0,150,,762,29,,,0,115,,763,29,,,0,135,,764,29,,,0
300,'5188',725,,766,29,4,,0,30,,777,29,,,0,150,,767,29,,,0,110,,768,29,,,0,110,,769,29,,,0,110,,770,29,,,0,110,,778,29,,,0,110,,771,29,,,0,104,,772,29,,,0,159,,773,29,,,0,110,,774,29,,,0,175,,775,29,,,0,135,,776,29,,,0
300,'5195',843,,949,12,,,0,171,,944,29,,,0,110,,945,29,,,0,110,,946,29,,,0,110,,943,29,,,0,110,,942,29,,,0,150,,947,29,,,0,110,,948,29,,,0,110,,939,29,,,0,135,,941,29,,,0,175,,940,29,,,0
300,'5196',843,,958,12,,,0,171,,952,29,,,0,110,,950,29,,,0,110,,951,29,,,0,110,,953,29,,,0,110,,954,29,,,0,150,,955,29,,,0,115,,956,29,,,0,135,,957,29,,,0
300,'5197',725,,971,29,4,,0,30,,969,29,,,0,150,,959,29,,,0,110,,960,29,,,0,110,,961,29,,,0,110,,962,29,,,0,110,,970,29,,,0,110,,963,29,,,0,104,,964,29,,,0,159,,965,29,,,0,110,,966,29,,,0,175,,967,29,,,0,135,,968,29,,,0
