201,'5009',853,,715,6,,,0,171,,714,6,,,0,110,,716,6,,,0,110,,718,6,,,0,110,,719,6,,,0,150,,720,6,,,0,110,,713,6,,,0,118,,717,6,,,0,102,,721,6,,,0,175,,722,6,,,0,135,,723,6,,,0
201,'5010',853,,724,6,,,0,171,,725,6,,,0,110,,726,6,,,0,110,,727,6,,,0,110,,729,6,,,0,150,,728,6,,,0,110,,731,6,,,0,115,,730,6,,,0,175,,732,6,,,0
201,'5188',633,,735,6,,,0,172,,744,6,,,0,110,,737,6,,,0,110,,734,6,,,0,110,,738,6,,,0,110,,739,6,,,0,110,,745,6,,,0,156,,736,6,0,9 10,0,107,,740,6,,,0,118,,733,6,,,0,102,,741,6,,,0,175,,742,6,,,0,135,,743,6,,,0
201,'5195',853,,908,6,,,0,171,,907,6,,,0,110,,909,6,,,0,110,,911,6,,,0,110,,912,6,,,0,150,,913,6,,,0,110,,906,6,,,0,118,,910,6,,,0,102,,914,6,,,0,175,,915,6,,,0,135,,916,6,,,0
201,'5196',853,,917,6,,,0,171,,918,6,,,0,110,,919,6,,,0,110,,920,6,,,0,110,,922,6,,,0,150,,921,6,,,0,110,,924,6,,,0,115,,923,6,,,0,175,,925,6,,,0
201,'5197',633,,928,6,,,0,172,,937,6,,,0,110,,930,6,,,0,110,,927,6,,,0,110,,931,6,,,0,110,,932,6,,,0,110,,938,6,,,0,156,,929,6,0,9 10,0,107,,933,6,,,0,118,,926,6,,,0,102,,934,6,,,0,175,,935,6,,,0,135,,936,6,,,0
1400,'5192',1528,,803,6,,,0
1400,'5195',1528,,996,6,,,0
1400,'5196',1528,,999,6,,,0
1400,'5198',1528,,1000,6,,,0
