100,'5009',752,,628,42,,,0,80,,624,42,,,0,80,,614,42,,,0,40,,625,42,,,0,160,,615,42,,,0,120,,616,42,,,0,120,,626,42,,,0,160,,617,42,,,0,40,,627,42,,,0,80,,621,42,,,0,80,,620,42,,,0,40,,622,42,,,0,80,,618,42,,,0,120,,623,42,,,0,165,,619,42,,,0,120,,629,42,,,0
100,'5010',752,,630,42,,,0,80,,631,42,,,0,80,,632,42,,,0,40,,634,42,,,0,160,,633,42,,,0,120,,635,42,,,0,120,,636,42,,,0,160,,637,42,,,0,40,,638,42,,,0,80,,639,42,,,0,80,,640,42,,,0,40,,641,42,,,0,160,,642,42,,,0
100,'5188',707,,662,42,,,0,41,,644,32,,,0,90,,653,21,,,0,74,,645,42,,,0,95,,659,42,,,0,120,,661,42,,,0,120,,654,42,,,0,80,,652,42,,,0,78,,660,42,,,0,42,,651,42,,,0,65,,657,42,,,0,15,,656,42,,,0,80,,649,42,,,0,40,,655,42,,,0,80,,648,42,,,0,80,,663,42,,,0,40,,643,42,,,0,160,,647,42,,,0,120,,646,42,,,0
100,'5195',752,,821,42,,,0,80,,817,42,,,0,80,,807,42,,,0,40,,818,42,,,0,160,,808,42,,,0,120,,809,42,,,0,120,,819,42,,,0,160,,810,42,,,0,40,,820,42,,,0,80,,814,42,,,0,80,,813,42,,,0,40,,815,42,,,0,80,,811,42,,,0,120,,816,42,,,0,165,,812,42,,,0,120,,822,42,,,0
100,'5196',752,,823,42,,,0,80,,824,42,,,0,80,,825,42,,,0,40,,827,42,,,0,160,,826,42,,,0,120,,828,42,,,0,120,,829,42,,,0,160,,830,42,,,0,40,,831,42,,,0,80,,832,42,,,0,80,,833,42,,,0,40,,834,42,,,0,160,,835,42,,,0
100,'5197',707,,851,42,,,0,41,,840,32,,,0,90,,856,21,,,0,74,,844,42,,,0,95,,843,42,,,0,120,,847,42,,,0,120,,836,42,,,0,80,,855,42,,,0,78,,845,42,,,0,42,,854,42,,,0,65,,841,42,,,0,15,,839,42,,,0,80,,850,42,,,0,40,,838,42,,,0,80,,849,42,,,0,80,,852,42,,,0,40,,837,42,,,0,160,,848,42,,,0,120,,846,42,,,0
900,'5188',838,,780,31,0,7 14,0
900,'5197',838,,973,31,0,7 14,0
1400,'5192',901,,804,23,,,0
1400,'5195',901,,997,23,,,0
1400,'5196',901,,998,23,,,0
1400,'5198',901,,1001,23,,,0
