201,'5009',933,,715,36,,,0,111,,714,28,,,0,110,,716,28,,,0,150,,718,28,,,0,110,,719,28,,,0,110,,720,28,,,0,110,,713,28,,,0,118,,717,28,,,0,162,,721,40,,,0,135,,722,40,,,0,175,,723,40,,,0
201,'5010',933,,724,36,,,0,111,,725,28,,,0,110,,726,28,,,0,150,,727,28,,,0,110,,729,28,,,0,110,,728,28,,,0,110,,731,28,,,0,175,,730,40,,,0,135,,732,40,,,0
201,'5188',713,,735,36,,,0,112,,744,28,,,0,110,,737,28,,,0,110,,734,28,,,0,110,,738,28,,,0,150,,739,28,,,0,110,,745,28,,,0,116,,736,28,0,9 10,0,107,,740,28,,,0,118,,733,28,,,0,162,,741,40,,,0,135,,742,40,,,0,175,,743,40,,,0
201,'5195',933,,908,36,,,0,111,,907,28,,,0,110,,909,28,,,0,150,,911,28,,,0,110,,912,28,,,0,110,,913,28,,,0,110,,906,28,,,0,118,,910,28,,,0,162,,914,40,,,0,135,,915,40,,,0,175,,916,40,,,0
201,'5196',933,,917,36,,,0,111,,918,28,,,0,110,,919,28,,,0,150,,920,28,,,0,110,,922,28,,,0,110,,921,28,,,0,110,,924,28,,,0,175,,923,40,,,0,135,,925,40,,,0
201,'5197',713,,928,36,,,0,112,,937,28,,,0,110,,930,28,,,0,110,,927,28,,,0,110,,931,28,,,0,150,,932,28,,,0,110,,938,28,,,0,116,,929,28,0,9 10,0,107,,933,28,,,0,118,,926,28,,,0,162,,934,40,,,0,135,,935,40,,,0,175,,936,40,,,0
1401,'5192',1014,,806,11,,,0,629,,805,11,,,0
1401,'5195',1014,,1003,11,,,0,629,,1002,11,,,0
1401,'5196',1014,,1004,11,,,0,629,,1005,11,,,0
1401,'5198',1014,,1007,11,,,0,629,,1006,11,,,0
