201,'5009',850,,715,1,,,0,93,,715,42,4,,0,78,,714,1,,,0,33,,714,34,4,,0,77,,716,1,,,0,73,,716,34,4,,0,37,,718,1,,,0,73,,718,34,4,,0,37,,719,1,,,0,73,,719,34,4,,0,77,,720,1,,,0,33,,720,34,4,,0,77,,713,1,,,0,33,,713,34,4,,0,85,,717,1,,,0,73,,717,34,4,,0,29,,721,1,,,0,93,,721,46,4,,0,82,,722,1,,,0,53,,722,46,4,,0,82,,723,1,,,0,93,,723,46,4,,0
201,'5010',850,,724,1,,,0,93,,724,42,4,,0,78,,725,1,,,0,33,,725,34,4,,0,77,,726,1,,,0,73,,726,34,4,,0,37,,727,1,,,0,73,,727,34,4,,0,37,,729,1,,,0,73,,729,34,4,,0,77,,728,1,,,0,33,,728,34,4,,0,77,,731,1,,,0,33,,731,34,4,,0,82,,730,1,,,0,93,,730,46,4,,0,82,,732,1,,,0,53,,732,46,4,,0
201,'5188',630,,735,1,,,0,93,,735,42,4,,0,79,,744,1,,,0,33,,744,35,4,,0,77,,737,1,,,0,33,,737,34,4,,0,77,,734,1,,,0,33,,734,34,4,,0,77,,738,1,,,0,73,,738,34,4,,0,37,,739,1,,,0,73,,739,34,4,,0,37,,745,1,,,0,73,,745,34,4,,0,83,,736,1,0,9 10,0,107,,740,1,,,0,33,,740,34,4,,0,85,,733,1,,,0,73,,733,34,4,,0,29,,741,1,,,0,93,,741,46,4,,0,82,,742,1,,,0,93,,742,46,4,,0,42,,743,1,,,0,93,,743,46,4,,0
201,'5195',850,,908,1,,,0,93,,908,42,4,,0,78,,907,1,,,0,33,,907,34,4,,0,77,,909,1,,,0,73,,909,34,4,,0,37,,911,1,,,0,73,,911,34,4,,0,37,,912,1,,,0,73,,912,34,4,,0,77,,913,1,,,0,33,,913,34,4,,0,77,,906,1,,,0,33,,906,34,4,,0,85,,910,1,,,0,73,,910,34,4,,0,29,,914,1,,,0,93,,914,46,4,,0,82,,915,1,,,0,53,,915,46,4,,0,82,,916,1,,,0,93,,916,46,4,,0
201,'5196',850,,917,1,,,0,93,,917,42,4,,0,78,,918,1,,,0,33,,918,34,4,,0,77,,919,1,,,0,73,,919,34,4,,0,37,,920,1,,,0,73,,920,34,4,,0,37,,922,1,,,0,73,,922,34,4,,0,77,,921,1,,,0,33,,921,34,4,,0,77,,924,1,,,0,33,,924,34,4,,0,82,,923,1,,,0,93,,923,46,4,,0,82,,925,1,,,0,53,,925,46,4,,0
201,'5197',630,,928,1,,,0,93,,928,42,4,,0,79,,937,1,,,0,33,,937,35,4,,0,77,,930,1,,,0,33,,930,34,4,,0,77,,927,1,,,0,33,,927,34,4,,0,77,,931,1,,,0,73,,931,34,4,,0,37,,932,1,,,0,73,,932,34,4,,0,37,,938,1,,,0,73,,938,34,4,,0,83,,929,1,0,9 10,0,107,,933,1,,,0,33,,933,34,4,,0,85,,926,1,,,0,73,,926,34,4,,0,29,,934,1,,,0,93,,934,46,4,,0,82,,935,1,,,0,93,,935,46,4,,0,42,,936,1,,,0,93,,936,46,4,,0
300,'5009',848,,756,19,4,,0,107,,751,1,,,0,64,,751,36,4,,0,86,,752,1,,,0,24,,752,36,4,,0,86,,753,1,,,0,24,,753,36,4,,0,86,,750,1,,,0,24,,750,36,4,,0,86,,749,1,,,0,24,,749,36,4,,0,86,,754,1,,,0,64,,754,36,4,,0,46,,755,1,,,0,64,,755,36,4,,0,86,,746,1,,,0,24,,746,36,4,,0,111,,748,1,,,0,64,,748,36,4,,0,111,,747,1,,,0,24,,747,36,4,,0
300,'5010',848,,765,19,4,,0,107,,758,1,,,0,64,,758,36,4,,0,86,,757,1,,,0,24,,757,36,4,,0,86,,759,1,,,0,24,,759,36,4,,0,86,,760,1,,,0,24,,760,36,4,,0,86,,761,1,,,0,24,,761,36,4,,0,86,,762,1,,,0,64,,762,36,4,,0,91,,763,1,,,0,24,,763,36,4,,0,111,,764,1,,,0,24,,764,36,4,,0
300,'5188',705,,766,1,0,13 9,0,30,,777,1,,,0,65,,777,36,4,,0,45,,767,1,,,0,65,,767,36,4,,0,46,,768,1,,,0,64,,768,36,4,,0,86,,769,1,,,0,24,,769,36,4,,0,86,,770,1,,,0,24,,770,36,4,,0,86,,778,1,,,0,24,,778,36,4,,0,86,,771,1,,,0,64,,771,36,4,,0,40,,772,1,,,0,64,,772,36,4,,0,55,,773,1,,,0,64,,773,36,4,,0,86,,774,1,,,0,24,,774,36,4,,0,111,,775,1,,,0,64,,775,36,4,,0,111,,776,1,,,0,24,,776,36,4,,0
300,'5195',848,,949,19,4,,0,107,,944,1,,,0,64,,944,36,4,,0,86,,945,1,,,0,24,,945,36,4,,0,86,,946,1,,,0,24,,946,36,4,,0,86,,943,1,,,0,24,,943,36,4,,0,86,,942,1,,,0,24,,942,36,4,,0,86,,947,1,,,0,64,,947,36,4,,0,46,,948,1,,,0,64,,948,36,4,,0,86,,939,1,,,0,24,,939,36,4,,0,111,,941,1,,,0,64,,941,36,4,,0,111,,940,1,,,0,24,,940,36,4,,0
300,'5196',848,,958,19,4,,0,107,,952,1,,,0,64,,952,36,4,,0,86,,950,1,,,0,24,,950,36,4,,0,86,,951,1,,,0,24,,951,36,4,,0,86,,953,1,,,0,24,,953,36,4,,0,86,,954,1,,,0,24,,954,36,4,,0,86,,955,1,,,0,64,,955,36,4,,0,91,,956,1,,,0,24,,956,36,4,,0,111,,957,1,,,0,24,,957,36,4,,0
300,'5197',705,,971,1,0,13 9,0,30,,969,1,,,0,65,,969,36,4,,0,45,,959,1,,,0,65,,959,36,4,,0,46,,960,1,,,0,64,,960,36,4,,0,86,,961,1,,,0,24,,961,36,4,,0,86,,962,1,,,0,24,,962,36,4,,0,86,,970,1,,,0,24,,970,36,4,,0,86,,963,1,,,0,64,,963,36,4,,0,40,,964,1,,,0,64,,964,36,4,,0,55,,965,1,,,0,64,,965,36,4,,0,86,,966,1,,,0,24,,966,36,4,,0,111,,967,1,,,0,64,,967,36,4,,0,111,,968,1,,,0,24,,968,36,4,,0
