1,100,'4327',1093,1094,1095,1096,1097,1098,1099,1100,1101,1102,1103,1104,1105
1,100,'4480',1122,1123,1124,1125,1126,1127,1128,1129,1130,1131,1132,1133,1134,1135,1136,1137,1138,1139,1140,1141,1142
1,100,'5169',1106,1107,1108,1109,1110,1111,1112,1113,1114,1115,1116,1117,1118,1119,1120,1121
1,101,'4327',1143,1144,1145,1146,1147,1148,1149,1150,1151,1152,1153,1154,1155,1156
1,101,'4480',1174,1175,1176,1177,1178,1179,1180,1181,1182,1183,1184,1185,1186,1187,1188,1189,1190,1191
1,101,'5169',1157,1158,1159,1160,1161,1162,1163,1164,1165,1166,1167,1168,1169,1170,1171,1172,1173
2,201,'4327',1192,1193,1194,1195,1196,1197,1198,1199,1200
2,201,'4480',1212,1213,1214,1215,1216,1217,1218,1219,1220,1221,1222,1223,1224
2,201,'5169',1201,1202,1203,1204,1205,1206,1207,1208,1209,1210,1211
3,300,'4327',1225,1226,1227,1228,1229,1230,1231,1232,1233
3,300,'4480',1245,1246,1247,1248,1249,1250,1251,1252,1253,1254,1255,1256,1257
3,300,'5169',1234,1235,1236,1237,1238,1239,1240,1241,1242,1243,1244
9,900,'4480',1258,1259,1260,1261
12,1200,'5169',1262,1263,1264
12,1200,'5198',1265,1266,1267,1268,1269
12,1201,'5169',1270,1271,1272
12,1201,'5198',1273,1274,1275,1276,1277
13,1300,'4677',1278,1279
13,1301,'4677',1280,1281
14,1400,'4327',1282,1283
14,1400,'5169',1284,1285
14,1400,'5198',1286,1287
14,1401,'4327',1288,1289
14,1401,'5169',1290,1291
14,1401,'5198',1292,1293
