100,'5009',745,,628,31,,,0,80,,624,31,,,0,80,,614,31,,,0,40,,625,31,,,0,160,,615,31,,,0,120,,616,31,,,0,120,,626,31,,,0,160,,617,31,,,0,40,,627,31,,,0,80,,621,31,,,0,80,,620,31,,,0,40,,622,31,,,0,80,,618,31,,,0,120,,623,31,,,0,165,,619,31,,,0,120,,629,31,,,0
100,'5010',745,,630,31,,,0,80,,631,31,,,0,80,,632,31,,,0,40,,634,31,,,0,160,,633,31,,,0,120,,635,31,,,0,120,,636,31,,,0,160,,637,31,,,0,40,,638,31,,,0,80,,639,31,,,0,80,,640,31,,,0,40,,641,31,,,0,160,,642,31,,,0
100,'5188',700,,662,31,,,0,41,,644,21,,,0,90,,653,10,,,0,74,,645,31,,,0,95,,659,31,,,0,120,,661,31,,,0,120,,654,31,,,0,80,,652,31,,,0,38,,660,31,,,0,82,,651,31,,,0,65,,657,31,,,0,15,,656,31,,,0,80,,649,31,,,0,40,,655,31,,,0,80,,648,31,,,0,80,,663,31,,,0,40,,643,31,,,0,160,,647,31,,,0,120,,646,31,,,0
100,'5195',745,,821,31,,,0,80,,817,31,,,0,80,,807,31,,,0,40,,818,31,,,0,160,,808,31,,,0,120,,809,31,,,0,120,,819,31,,,0,160,,810,31,,,0,40,,820,31,,,0,80,,814,31,,,0,80,,813,31,,,0,40,,815,31,,,0,80,,811,31,,,0,120,,816,31,,,0,165,,812,31,,,0,120,,822,31,,,0
100,'5196',745,,823,31,,,0,80,,824,31,,,0,80,,825,31,,,0,40,,827,31,,,0,160,,826,31,,,0,120,,828,31,,,0,120,,829,31,,,0,160,,830,31,,,0,40,,831,31,,,0,80,,832,31,,,0,80,,833,31,,,0,40,,834,31,,,0,160,,835,31,,,0
100,'5197',700,,851,31,,,0,41,,840,21,,,0,90,,856,10,,,0,74,,844,31,,,0,95,,843,31,,,0,120,,847,31,,,0,120,,836,31,,,0,80,,855,31,,,0,38,,845,31,,,0,82,,854,31,,,0,65,,841,31,,,0,15,,839,31,,,0,80,,850,31,,,0,40,,838,31,,,0,80,,849,31,,,0,80,,852,31,,,0,40,,837,31,,,0,160,,848,31,,,0,120,,846,31,,,0
900,'5188',825,,780,10,0,7 14,0
900,'5197',825,,973,10,0,7 14,0
1400,'5192',856,,804,12,,,0
1400,'5195',856,,997,12,,,0
1400,'5196',856,,998,12,,,0
1400,'5198',856,,1001,12,,,0
