201,'5009',902,,715,11,,,0,132,,714,11,,,0,110,,716,11,,,0,110,,718,11,,,0,150,,719,11,,,0,110,,720,11,,,0,110,,713,11,,,0,118,,717,11,,,0,101,,721,11,,,0,6,,721,25,,,0,169,,722,11,,,0,6,,722,25,,,0,129,,723,11,,,0,6,,723,25,,,0
201,'5010',902,,724,11,,,0,132,,725,11,,,0,110,,726,11,,,0,110,,727,11,,,0,150,,729,11,,,0,110,,728,11,,,0,110,,731,11,,,0,114,,730,11,,,0,6,,730,25,,,0,169,,732,11,,,0,6,,732,25,,,0
201,'5188',642,,735,11,,,0,173,,744,11,,,0,110,,737,11,,,0,110,,734,11,,,0,110,,738,11,,,0,110,,739,11,,,0,150,,745,11,,,0,116,,736,11,0,9 10,0,107,,740,11,,,0,118,,733,11,,,0,101,,741,11,,,0,6,,741,25,,,0,169,,742,11,,,0,6,,742,25,,,0,129,,743,11,,,0,46,,743,25,,,0
201,'5195',902,,908,11,,,0,132,,907,11,,,0,110,,909,11,,,0,110,,911,11,,,0,150,,912,11,,,0,110,,913,11,,,0,110,,906,11,,,0,118,,910,11,,,0,101,,914,11,,,0,6,,914,25,,,0,169,,915,11,,,0,6,,915,25,,,0,129,,916,11,,,0,6,,916,25,,,0
201,'5196',902,,917,11,,,0,132,,918,11,,,0,110,,919,11,,,0,110,,920,11,,,0,150,,922,11,,,0,110,,921,11,,,0,110,,924,11,,,0,114,,923,11,,,0,6,,923,25,,,0,169,,925,11,,,0,6,,925,25,,,0
201,'5197',642,,928,11,,,0,173,,937,11,,,0,110,,930,11,,,0,110,,927,11,,,0,110,,931,11,,,0,110,,932,11,,,0,150,,938,11,,,0,116,,929,11,0,9 10,0,107,,933,11,,,0,118,,926,11,,,0,101,,934,11,,,0,6,,934,25,,,0,169,,935,11,,,0,6,,935,25,,,0,129,,936,11,,,0,46,,936,25,,,0
1400,'5192',908,,804,29,,,0,629,,803,11,,,0
1400,'5195',908,,997,29,,,0,629,,996,11,,,0
1400,'5196',908,,998,29,,,0,629,,999,11,,,0
1400,'5198',908,,1001,29,,,0,629,,1000,11,,,0
