100,'4327',749,,1093,39,,,0,80,,1094,39,,,0,80,,1095,39,,,0,40,,1097,39,,,0,160,,1096,39,,,0,120,,1098,39,,,0,120,,1099,39,,,0,160,,1100,39,,,0,40,,1101,39,,,0,80,,1102,39,,,0,80,,1103,39,,,0,40,,1104,39,,,0,160,,1105,39,,,0
100,'5169',749,,1120,39,,,0,80,,1116,39,,,0,80,,1106,39,,,0,40,,1117,39,,,0,160,,1107,39,,,0,120,,1108,39,,,0,120,,1118,39,,,0,160,,1109,39,,,0,40,,1119,39,,,0,80,,1113,39,,,0,80,,1112,39,,,0,40,,1114,39,,,0,80,,1110,39,,,0,120,,1115,39,,,0,165,,1111,39,,,0,120,,1121,39,,,0
100,'5188',704,,1016,39,,,0,41,,644,29,,,0,90,,653,18,,,0,74,,645,39,,,0,95,,1013,39,,,0,120,,1015,39,,,0,120,,1008,39,,,0,80,,652,39,,,0,78,,1014,39,,,0,42,,651,39,,,0,65,,1011,39,,,0,15,,1010,39,,,0,80,,649,39,,,0,40,,1009,39,,,0,80,,648,39,,,0,80,,1017,39,,,0,40,,643,39,,,0,160,,647,39,,,0,120,,646,39,,,0
100,'5197',704,,1137,39,,,0,41,,1126,29,,,0,90,,1142,18,,,0,74,,1130,39,,,0,95,,1129,39,,,0,120,,1133,39,,,0,120,,1122,39,,,0,80,,1141,39,,,0,78,,1131,39,,,0,42,,1140,39,,,0,65,,1127,39,,,0,15,,1125,39,,,0,80,,1136,39,,,0,40,,1124,39,,,0,80,,1135,39,,,0,80,,1138,39,,,0,40,,1123,39,,,0,160,,1134,39,,,0,120,,1132,39,,,0
900,'5188',836,,1090,28,0,7 14,0
900,'5197',836,,1259,28,0,7 14,0
1400,'4327',859,,1282,20,,,0
1400,'5169',859,,1285,20,,,0
1400,'5192',859,,804,20,,,0
1400,'5198',859,,1287,20,,,0
