201,'5009',903,,715,13,,,0,132,,714,13,,,0,110,,716,13,,,0,110,,718,13,,,0,150,,719,13,,,0,110,,720,13,,,0,110,,713,13,,,0,118,,717,13,,,0,101,,721,13,,,0,7,,721,27,,,0,168,,722,13,,,0,7,,722,27,,,0,128,,723,13,,,0,47,,723,27,,,0
201,'5010',903,,724,13,,,0,132,,725,13,,,0,110,,726,13,,,0,110,,727,13,,,0,150,,729,13,,,0,110,,728,13,,,0,110,,731,13,,,0,114,,730,13,,,0,7,,730,27,,,0,168,,732,13,,,0,7,,732,27,,,0
201,'5188',643,,735,13,,,0,173,,744,13,,,0,110,,737,13,,,0,110,,734,13,,,0,110,,738,13,,,0,110,,739,13,,,0,150,,745,13,,,0,116,,736,13,0,9 10,0,107,,740,13,,,0,118,,733,13,,,0,101,,741,13,,,0,7,,741,27,,,0,168,,742,13,,,0,7,,742,27,,,0,128,,743,13,,,0,47,,743,27,,,0
201,'5195',903,,908,13,,,0,132,,907,13,,,0,110,,909,13,,,0,110,,911,13,,,0,150,,912,13,,,0,110,,913,13,,,0,110,,906,13,,,0,118,,910,13,,,0,101,,914,13,,,0,7,,914,27,,,0,168,,915,13,,,0,7,,915,27,,,0,128,,916,13,,,0,47,,916,27,,,0
201,'5196',903,,917,13,,,0,132,,918,13,,,0,110,,919,13,,,0,110,,920,13,,,0,150,,922,13,,,0,110,,921,13,,,0,110,,924,13,,,0,114,,923,13,,,0,7,,923,27,,,0,168,,925,13,,,0,7,,925,27,,,0
201,'5197',643,,928,13,,,0,173,,937,13,,,0,110,,930,13,,,0,110,,927,13,,,0,110,,931,13,,,0,110,,932,13,,,0,150,,938,13,,,0,116,,929,13,0,9 10,0,107,,933,13,,,0,118,,926,13,,,0,101,,934,13,,,0,7,,934,27,,,0,168,,935,13,,,0,7,,935,27,,,0,128,,936,13,,,0,47,,936,27,,,0
1400,'5192',909,,804,31,,,0,629,,803,13,,,0
1400,'5195',909,,997,31,,,0,629,,996,13,,,0
1400,'5196',909,,998,31,,,0,629,,999,13,,,0
1400,'5198',909,,1001,31,,,0,629,,1000,13,,,0
