101,'4528',734,,1345,29,,,0,85,,1343,29,,,0,90,,1354,29,,,0,35,,1344,29,,,0,90,,1346,29,,,0,120,,1348,29,,,0,160,,1355,29,,,0,40,,1360,29,,,0,80,,1356,29,,,0,80,,1349,29,,,0,40,,1350,29,,,0,80,,1353,29,,,0,80,,1347,29,,,0,40,,1358,29,,,0,160,,1351,29,,,0,120,,1352,29,,,0,170,,1357,29,,,0
101,'4532',737,,1361,29,,,0,82,,1362,29,,,0,40,,1371,29,,,0,80,,1363,29,,,0,80,,1364,29,,,0,120,,1365,29,,,0,120,,1373,29,,,0,160,,1366,29,,,0,120,,1374,29,,,0,80,,1367,29,,,0,40,,1368,29,,,0,80,,1369,29,,,0,80,,1370,29,,,0,40,,1372,29,,,0,160,,1375,29,,,0,125,,1376,29,,,0,160,,1377,29,,,0
101,'5210',742,,1385,29,,,0,77,,1386,29,,,0,40,,1387,29,,,0,80,,1388,29,,,0,80,,1389,29,,,0,120,,1384,29,,,0,120,,1390,29,,,0,160,,1391,29,,,0,120,,1378,29,,,0,80,,1379,29,,,0,40,,1381,29,,,0,80,,1382,29,,,0,80,,1380,29,,,0,120,,1383,29,,,0
201,'4528',631,,1394,3,,,0,172,,1403,3,,,0,110,,1396,3,,,0,110,,1393,3,,,0,110,,1397,3,,,0,110,,1398,3,,,0,110,,1404,3,,,0,156,,1395,3,0,9 10,0,107,,1399,3,,,0,118,,1392,3,,,0,102,,1400,3,,,0,175,,1401,3,,,0,135,,1402,3,,,0
201,'4532',851,,1407,3,,,0,171,,1406,3,,,0,110,,1408,3,,,0,110,,1410,3,,,0,110,,1411,3,,,0,150,,1412,3,,,0,110,,1405,3,,,0,118,,1409,3,,,0,102,,1413,3,,,0,175,,1414,3,,,0,135,,1415,3,,,0
201,'5210',851,,1416,3,,,0,171,,1417,3,,,0,110,,1418,3,,,0,110,,1419,3,,,0,110,,1421,3,,,0,150,,1420,3,,,0,110,,1423,3,,,0,115,,1422,3,,,0,175,,1424,3,,,0
1301,'5212',622,,1480,3,,,0,905,,1479,7,,,0
1400,'4532',1526,,1481,3,,,0
1400,'5210',1526,,1484,3,,,0
1400,'5211',1526,,1485,3,,,0
