300,'5009',845,,756,17,,,0,171,,751,34,,,0,110,,752,34,,,0,110,,753,34,,,0,110,,750,34,,,0,110,,749,34,,,0,150,,754,34,,,0,110,,755,34,,,0,110,,746,34,,,0,175,,748,34,,,0,135,,747,34,,,0
300,'5010',845,,765,17,,,0,171,,758,34,,,0,110,,757,34,,,0,110,,759,34,,,0,110,,760,34,,,0,110,,761,34,,,0,150,,762,34,,,0,115,,763,34,,,0,135,,764,34,,,0
300,'5188',757,,777,34,,,0,150,,767,34,,,0,110,,768,34,,,0,110,,769,34,,,0,110,,770,34,,,0,110,,778,34,,,0,110,,771,34,,,0,144,,772,34,,,0,119,,773,34,,,0,110,,774,34,,,0,175,,775,34,,,0,135,,776,34,,,0
300,'5195',845,,949,17,,,0,171,,944,34,,,0,110,,945,34,,,0,110,,946,34,,,0,110,,943,34,,,0,110,,942,34,,,0,150,,947,34,,,0,110,,948,34,,,0,110,,939,34,,,0,175,,941,34,,,0,135,,940,34,,,0
300,'5196',845,,958,17,,,0,171,,952,34,,,0,110,,950,34,,,0,110,,951,34,,,0,110,,953,34,,,0,110,,954,34,,,0,150,,955,34,,,0,115,,956,34,,,0,135,,957,34,,,0
300,'5197',757,,969,34,,,0,150,,959,34,,,0,110,,960,34,,,0,110,,961,34,,,0,110,,962,34,,,0,110,,970,34,,,0,110,,963,34,,,0,144,,964,34,,,0,119,,965,34,,,0,110,,966,34,,,0,175,,967,34,,,0,135,,968,34,,,0
1201,'5009',845,,791,14,,,0,361,,793,15,,,0,245,,792,15,,,0
1201,'5189',734,,798,14,,,0,111,,797,14,,,0,361,,795,15,,,0,245,,796,15,,,0,390,,794,13,,,0
1201,'5195',845,,984,14,,,0,361,,986,15,,,0,245,,985,15,,,0
1201,'5198',734,,991,14,,,0,111,,990,14,,,0,361,,988,15,,,0,245,,989,15,,,0,390,,987,13,,,0
