101,'5009',737,,664,30,,,0,82,,665,30,,,0,40,,674,30,,,0,80,,666,30,,,0,80,,667,30,,,0,120,,668,30,,,0,120,,675,30,,,0,160,,669,30,,,0,120,,676,30,,,0,80,,670,30,,,0,40,,671,30,,,0,80,,672,30,,,0,80,,673,30,,,0,40,,677,30,,,0,160,,678,30,,,0,125,,679,30,,,0,160,,680,30,,,0
101,'5010',742,,688,30,,,0,77,,689,30,,,0,40,,690,30,,,0,80,,691,30,,,0,80,,692,30,,,0,120,,687,30,,,0,120,,693,30,,,0,160,,694,30,,,0,120,,681,30,,,0,80,,682,30,,,0,40,,683,30,,,0,80,,684,30,,,0,80,,686,30,,,0,120,,685,30,,,0
101,'5188',819,,695,30,,,0,125,,696,30,,,0,410,,704,30,,,0,160,,697,30,,,0,120,,700,30,,,0,120,,702,30,,,0,160,,698,30,,,0,120,,699,30,,,0,170,,701,30,,,0
101,'5235',734,,705,30,,,0,175,,712,30,,,0,125,,706,30,,,0,120,,708,30,,,0,160,,710,30,,,0,120,,711,30,,,0,120,,709,30,,,0,160,,707,30,,,0
101,'5236',734,,1018,30,,,0,175,,1025,30,,,0,125,,1019,30,,,0,120,,1021,30,,,0,160,,1023,30,,,0,120,,1024,30,,,0,120,,1022,30,,,0,160,,1020,30,,,0
201,'5009',852,,1028,4,,,0,171,,1027,4,,,0,110,,1029,4,,,0,110,,1031,4,,,0,110,,1032,4,,,0,150,,1033,4,,,0,110,,1026,4,,,0,118,,1030,4,,,0,102,,1034,4,,,0,175,,1035,4,,,0,135,,1036,4,,,0
201,'5010',852,,1037,4,,,0,171,,1038,4,,,0,110,,1039,4,,,0,110,,1040,4,,,0,110,,1042,4,,,0,150,,1041,4,,,0,110,,1044,4,,,0,115,,1043,4,,,0,175,,1045,4,,,0
201,'5188',1510,,736,4,0,9 10,0
201,'5235',632,,735,4,,,0,172,,744,4,,,0,110,,737,4,,,0,110,,734,4,,,0,110,,738,4,,,0,110,,739,4,,,0,110,,745,4,,,0,263,,740,4,,,0,118,,733,4,,,0,102,,741,4,,,0,175,,742,4,,,0,135,,743,4,,,0
201,'5236',632,,1048,4,,,0,172,,1056,4,,,0,110,,1049,4,,,0,110,,1047,4,,,0,110,,1050,4,,,0,110,,1051,4,,,0,110,,1057,4,,,0,263,,1052,4,,,0,118,,1046,4,,,0,102,,1053,4,,,0,175,,1054,4,,,0,135,,1055,4,,,0
1301,'5191',622,,802,4,,,0,905,,801,8,,,0
1400,'5192',1527,,803,4,,,0
