300,'5009',959,,751,7,,,0,150,,752,7,,,0,110,,753,7,,,0,110,,750,7,,,0,110,,749,7,,,0,110,,754,7,,,0,110,,755,7,,,0,150,,746,7,,,0,135,,748,7,,,0,175,,747,7,,,0
300,'5010',959,,758,7,,,0,150,,757,7,,,0,110,,759,7,,,0,110,,760,7,,,0,110,,761,7,,,0,110,,762,7,,,0,155,,763,7,,,0,135,,764,7,,,0
300,'5188',709,,766,7,0,13 9,0,30,,777,7,,,0,110,,767,7,,,0,151,,768,7,,,0,110,,769,7,,,0,110,,770,7,,,0,110,,778,7,,,0,110,,771,7,,,0,104,,772,7,,,0,159,,773,7,,,0,110,,774,7,,,0,135,,775,7,,,0,175,,776,7,,,0
300,'5195',959,,944,7,,,0,150,,945,7,,,0,110,,946,7,,,0,110,,943,7,,,0,110,,942,7,,,0,110,,947,7,,,0,110,,948,7,,,0,150,,939,7,,,0,135,,941,7,,,0,175,,940,7,,,0
300,'5196',959,,952,7,,,0,150,,950,7,,,0,110,,951,7,,,0,110,,953,7,,,0,110,,954,7,,,0,110,,955,7,,,0,155,,956,7,,,0,135,,957,7,,,0
300,'5197',709,,971,7,0,13 9,0,30,,969,7,,,0,110,,959,7,,,0,151,,960,7,,,0,110,,961,7,,,0,110,,962,7,,,0,110,,970,7,,,0,110,,963,7,,,0,104,,964,7,,,0,159,,965,7,,,0,110,,966,7,,,0,135,,967,7,,,0,175,,968,7,,,0
1300,'5191',1020,,800,19,4,,0
1300,'5199',1020,,993,19,4,,0
1301,'5191',1515,,801,1,,,0
1301,'5199',1515,,994,1,,,0
1400,'5192',853,,804,8,,,0
1400,'5195',853,,997,8,,,0
1400,'5196',853,,998,8,,,0
1400,'5198',853,,1001,8,,,0
