100,'4327',748,,1093,36,,,0,80,,1094,36,,,0,80,,1095,36,,,0,40,,1097,36,,,0,160,,1096,36,,,0,120,,1098,36,,,0,120,,1099,36,,,0,160,,1100,36,,,0,40,,1101,36,,,0,80,,1102,36,,,0,80,,1103,36,,,0,40,,1104,36,,,0,160,,1105,36,,,0
100,'5169',748,,1120,36,,,0,80,,1116,36,,,0,80,,1106,36,,,0,40,,1117,36,,,0,160,,1107,36,,,0,120,,1108,36,,,0,120,,1118,36,,,0,160,,1109,36,,,0,40,,1119,36,,,0,80,,1113,36,,,0,80,,1112,36,,,0,40,,1114,36,,,0,80,,1110,36,,,0,120,,1115,36,,,0,165,,1111,36,,,0,120,,1121,36,,,0
100,'5188',703,,1016,36,,,0,41,,644,26,,,0,90,,653,15,,,0,74,,645,36,,,0,95,,1013,36,,,0,120,,1015,36,,,0,120,,1008,36,,,0,80,,652,36,,,0,78,,1014,36,,,0,42,,651,36,,,0,65,,1011,36,,,0,15,,1010,36,,,0,80,,649,36,,,0,40,,1009,36,,,0,80,,648,36,,,0,80,,1017,36,,,0,40,,643,36,,,0,160,,647,36,,,0,120,,646,36,,,0
100,'5197',703,,1137,36,,,0,41,,1126,26,,,0,90,,1142,15,,,0,74,,1130,36,,,0,95,,1129,36,,,0,120,,1133,36,,,0,120,,1122,36,,,0,80,,1141,36,,,0,78,,1131,36,,,0,42,,1140,36,,,0,65,,1127,36,,,0,15,,1125,36,,,0,80,,1136,36,,,0,40,,1124,36,,,0,80,,1135,36,,,0,80,,1138,36,,,0,40,,1123,36,,,0,160,,1134,36,,,0,120,,1132,36,,,0
900,'5188',827,,1090,15,0,7 14,0
900,'5197',827,,1259,15,0,7 14,0
1400,'4327',858,,1282,17,,,0
1400,'5169',858,,1285,17,,,0
1400,'5192',858,,804,17,,,0
1400,'5198',858,,1287,17,,,0
