201,'5009',933,,715,35,,,0,110,,714,27,,,0,110,,716,27,,,0,150,,718,27,,,0,110,,719,27,,,0,110,,720,27,,,0,110,,713,27,,,0,118,,717,27,,,0,162,,721,39,,,0,135,,722,39,,,0,175,,723,39,,,0
201,'5010',933,,724,35,,,0,110,,725,27,,,0,110,,726,27,,,0,150,,727,27,,,0,110,,729,27,,,0,110,,728,27,,,0,110,,731,27,,,0,175,,730,39,,,0,135,,732,39,,,0
201,'5188',713,,735,35,,,0,111,,744,27,,,0,110,,737,27,,,0,110,,734,27,,,0,110,,738,27,,,0,150,,739,27,,,0,110,,745,27,,,0,116,,736,27,0,9 10,0,107,,740,27,,,0,118,,733,27,,,0,162,,741,39,,,0,135,,742,39,,,0,175,,743,39,,,0
201,'5195',933,,908,35,,,0,110,,907,27,,,0,110,,909,27,,,0,150,,911,27,,,0,110,,912,27,,,0,110,,913,27,,,0,110,,906,27,,,0,118,,910,27,,,0,162,,914,39,,,0,135,,915,39,,,0,175,,916,39,,,0
201,'5196',933,,917,35,,,0,110,,918,27,,,0,110,,919,27,,,0,150,,920,27,,,0,110,,922,27,,,0,110,,921,27,,,0,110,,924,27,,,0,175,,923,39,,,0,135,,925,39,,,0
201,'5197',713,,928,35,,,0,111,,937,27,,,0,110,,930,27,,,0,110,,927,27,,,0,110,,931,27,,,0,150,,932,27,,,0,110,,938,27,,,0,116,,929,27,0,9 10,0,107,,933,27,,,0,118,,926,27,,,0,162,,934,39,,,0,135,,935,39,,,0,175,,936,39,,,0
1401,'5192',1014,,806,10,,,0,629,,805,10,,,0
1401,'5195',1014,,1003,10,,,0,629,,1002,10,,,0
1401,'5196',1014,,1004,10,,,0,629,,1005,10,,,0
1401,'5198',1014,,1007,10,,,0,629,,1006,10,,,0
