100,'4528',657,,1309,26,,,0,81,,1298,16,,,0,164,,1302,26,,,0,55,,1301,26,,,0,160,,1305,26,,,0,120,,1294,26,,,0,80,,1313,26,,,0,38,,1303,26,,,0,82,,1312,26,,,0,65,,1299,26,,,0,15,,1297,26,,,0,40,,1308,26,,,0,80,,1296,26,,,0,80,,1307,26,,,0,40,,1310,26,,,0,80,,1295,26,,,0,120,,1306,26,,,0,160,,1304,26,,,0
100,'4532',742,,1328,26,,,0,80,,1324,26,,,0,80,,1314,26,,,0,40,,1325,26,,,0,160,,1315,26,,,0,120,,1316,26,,,0,120,,1326,26,,,0,160,,1317,26,,,0,40,,1327,26,,,0,80,,1321,26,,,0,80,,1320,26,,,0,40,,1322,26,,,0,80,,1318,26,,,0,120,,1323,26,,,0,165,,1319,26,,,0,120,,1329,26,,,0
100,'5210',742,,1330,26,,,0,80,,1331,26,,,0,80,,1332,26,,,0,40,,1334,26,,,0,160,,1333,26,,,0,120,,1335,26,,,0,120,,1336,26,,,0,160,,1337,26,,,0,40,,1338,26,,,0,80,,1339,26,,,0,80,,1340,26,,,0,40,,1341,26,,,0,160,,1342,26,,,0
300,'4528',708,,1437,5,0,13 9,0,30,,1435,5,,,0,110,,1425,5,,,0,111,,1426,5,,,0,150,,1427,5,,,0,110,,1428,5,,,0,110,,1436,5,,,0,110,,1429,5,,,0,104,,1430,5,,,0,159,,1431,5,,,0,110,,1432,5,,,0,135,,1433,5,,,0,175,,1434,5,,,0
300,'4532',958,,1444,5,,,0,150,,1445,5,,,0,110,,1446,5,,,0,110,,1442,5,,,0,110,,1441,5,,,0,110,,1443,5,,,0,110,,1447,5,,,0,150,,1438,5,,,0,135,,1440,5,,,0,175,,1439,5,,,0
300,'5210',958,,1451,5,,,0,150,,1449,5,,,0,110,,1450,5,,,0,110,,1452,5,,,0,110,,1453,5,,,0,110,,1454,5,,,0,155,,1455,5,,,0,135,,1456,5,,,0
1300,'5212',1019,,1478,18,,,0
1400,'4532',852,,1482,6,,,0
1400,'5210',852,,1483,6,,,0
1400,'5211',852,,1486,6,,,0
