100,'4327',750,,1093,40,,,0,80,,1094,40,,,0,80,,1095,40,,,0,40,,1097,40,,,0,160,,1096,40,,,0,120,,1098,40,,,0,120,,1099,40,,,0,160,,1100,40,,,0,40,,1101,40,,,0,80,,1102,40,,,0,80,,1103,40,,,0,40,,1104,40,,,0,160,,1105,40,,,0
100,'5169',750,,1120,40,,,0,80,,1116,40,,,0,80,,1106,40,,,0,40,,1117,40,,,0,160,,1107,40,,,0,120,,1108,40,,,0,120,,1118,40,,,0,160,,1109,40,,,0,40,,1119,40,,,0,80,,1113,40,,,0,80,,1112,40,,,0,40,,1114,40,,,0,80,,1110,40,,,0,120,,1115,40,,,0,165,,1111,40,,,0,120,,1121,40,,,0
100,'5188',705,,1016,40,,,0,41,,644,30,,,0,90,,653,19,,,0,74,,645,40,,,0,95,,1013,40,,,0,120,,1015,40,,,0,120,,1008,40,,,0,80,,652,40,,,0,78,,1014,40,,,0,42,,651,40,,,0,65,,1011,40,,,0,15,,1010,40,,,0,80,,649,40,,,0,40,,1009,40,,,0,80,,648,40,,,0,80,,1017,40,,,0,40,,643,40,,,0,160,,647,40,,,0,120,,646,40,,,0
100,'5197',705,,1137,40,,,0,41,,1126,30,,,0,90,,1142,19,,,0,74,,1130,40,,,0,95,,1129,40,,,0,120,,1133,40,,,0,120,,1122,40,,,0,80,,1141,40,,,0,78,,1131,40,,,0,42,,1140,40,,,0,65,,1127,40,,,0,15,,1125,40,,,0,80,,1136,40,,,0,40,,1124,40,,,0,80,,1135,40,,,0,80,,1138,40,,,0,40,,1123,40,,,0,160,,1134,40,,,0,120,,1132,40,,,0
900,'5188',837,,1090,29,0,7 14,0
900,'5197',837,,1259,29,0,7 14,0
1400,'4327',900,,1282,21,,,0
1400,'5169',900,,1285,21,,,0
1400,'5192',900,,804,21,,,0
1400,'5198',900,,1287,21,,,0
