100,'4327',744,,1093,29,,,0,80,,1094,29,,,0,80,,1095,29,,,0,40,,1097,29,,,0,160,,1096,29,,,0,120,,1098,29,,,0,120,,1099,29,,,0,160,,1100,29,,,0,40,,1101,29,,,0,80,,1102,29,,,0,80,,1103,29,,,0,40,,1104,29,,,0,160,,1105,29,,,0
100,'5169',744,,1120,29,,,0,80,,1116,29,,,0,80,,1106,29,,,0,40,,1117,29,,,0,160,,1107,29,,,0,120,,1108,29,,,0,120,,1118,29,,,0,160,,1109,29,,,0,40,,1119,29,,,0,80,,1113,29,,,0,80,,1112,29,,,0,40,,1114,29,,,0,80,,1110,29,,,0,120,,1115,29,,,0,165,,1111,29,,,0,120,,1121,29,,,0
100,'5188',659,,1016,29,,,0,81,,644,19,,,0,90,,653,8,,,0,74,,645,29,,,0,55,,1013,29,,,0,160,,1015,29,,,0,120,,1008,29,,,0,80,,652,29,,,0,38,,1014,29,,,0,82,,651,29,,,0,65,,1011,29,,,0,15,,1010,29,,,0,40,,649,29,,,0,80,,1009,29,,,0,80,,648,29,,,0,40,,1017,29,,,0,80,,643,29,,,0,120,,647,29,,,0,160,,646,29,,,0
100,'5197',659,,1137,29,,,0,81,,1126,19,,,0,90,,1142,8,,,0,74,,1130,29,,,0,55,,1129,29,,,0,160,,1133,29,,,0,120,,1122,29,,,0,80,,1141,29,,,0,38,,1131,29,,,0,82,,1140,29,,,0,65,,1127,29,,,0,15,,1125,29,,,0,40,,1136,29,,,0,80,,1124,29,,,0,80,,1135,29,,,0,40,,1138,29,,,0,80,,1123,29,,,0,120,,1134,29,,,0,160,,1132,29,,,0
900,'5188',824,,1090,8,0,7 14,0
900,'5197',824,,1259,8,0,7 14,0
1400,'4327',855,,1282,10,,,0
1400,'5169',855,,1285,10,,,0
1400,'5192',855,,804,10,,,0
1400,'5198',855,,1287,10,,,0
