100,'5009',747,,628,35,,,0,80,,624,35,,,0,80,,614,35,,,0,40,,625,35,,,0,160,,615,35,,,0,120,,616,35,,,0,120,,626,35,,,0,160,,617,35,,,0,40,,627,35,,,0,80,,621,35,,,0,80,,620,35,,,0,40,,622,35,,,0,80,,618,35,,,0,120,,623,35,,,0,165,,619,35,,,0,120,,629,35,,,0
100,'5010',747,,630,35,,,0,80,,631,35,,,0,80,,632,35,,,0,40,,634,35,,,0,160,,633,35,,,0,120,,635,35,,,0,120,,636,35,,,0,160,,637,35,,,0,40,,638,35,,,0,80,,639,35,,,0,80,,640,35,,,0,40,,641,35,,,0,160,,642,35,,,0
100,'5188',702,,662,35,,,0,41,,644,25,,,0,90,,653,14,,,0,74,,645,35,,,0,95,,659,35,,,0,120,,661,35,,,0,120,,654,35,,,0,80,,652,35,,,0,78,,660,35,,,0,42,,651,35,,,0,65,,657,35,,,0,15,,656,35,,,0,80,,649,35,,,0,40,,655,35,,,0,80,,648,35,,,0,80,,663,35,,,0,40,,643,35,,,0,160,,647,35,,,0,120,,646,35,,,0
100,'5195',747,,821,35,,,0,80,,817,35,,,0,80,,807,35,,,0,40,,818,35,,,0,160,,808,35,,,0,120,,809,35,,,0,120,,819,35,,,0,160,,810,35,,,0,40,,820,35,,,0,80,,814,35,,,0,80,,813,35,,,0,40,,815,35,,,0,80,,811,35,,,0,120,,816,35,,,0,165,,812,35,,,0,120,,822,35,,,0
100,'5196',747,,823,35,,,0,80,,824,35,,,0,80,,825,35,,,0,40,,827,35,,,0,160,,826,35,,,0,120,,828,35,,,0,120,,829,35,,,0,160,,830,35,,,0,40,,831,35,,,0,80,,832,35,,,0,80,,833,35,,,0,40,,834,35,,,0,160,,835,35,,,0
100,'5197',702,,851,35,,,0,41,,840,25,,,0,90,,856,14,,,0,74,,844,35,,,0,95,,843,35,,,0,120,,847,35,,,0,120,,836,35,,,0,80,,855,35,,,0,78,,845,35,,,0,42,,854,35,,,0,65,,841,35,,,0,15,,839,35,,,0,80,,850,35,,,0,40,,838,35,,,0,80,,849,35,,,0,80,,852,35,,,0,40,,837,35,,,0,160,,848,35,,,0,120,,846,35,,,0
900,'5188',827,,780,14,0,7 14,0
900,'5197',827,,973,14,0,7 14,0
1400,'5192',857,,804,16,,,0
1400,'5195',857,,997,16,,,0
1400,'5196',857,,998,16,,,0
1400,'5198',857,,1001,16,,,0
