100,'5009',753,,628,43,,,0,80,,624,43,,,0,80,,614,43,,,0,40,,625,43,,,0,160,,615,43,,,0,120,,616,43,,,0,120,,626,43,,,0,160,,617,43,,,0,40,,627,43,,,0,80,,621,43,,,0,80,,620,43,,,0,40,,622,43,,,0,80,,618,43,,,0,120,,623,43,,,0,165,,619,43,,,0,120,,629,43,,,0
100,'5010',753,,630,43,,,0,80,,631,43,,,0,80,,632,43,,,0,40,,634,43,,,0,160,,633,43,,,0,120,,635,43,,,0,120,,636,43,,,0,160,,637,43,,,0,40,,638,43,,,0,80,,639,43,,,0,80,,640,43,,,0,40,,641,43,,,0,160,,642,43,,,0
100,'5188',708,,662,43,,,0,41,,644,33,,,0,90,,653,22,,,0,74,,645,43,,,0,95,,659,43,,,0,120,,661,43,,,0,120,,654,43,,,0,80,,652,43,,,0,78,,660,43,,,0,42,,651,43,,,0,65,,657,43,,,0,15,,656,43,,,0,80,,649,43,,,0,40,,655,43,,,0,80,,648,43,,,0,80,,663,43,,,0,40,,643,43,,,0,160,,647,43,,,0,120,,646,43,,,0
100,'5195',753,,821,43,,,0,80,,817,43,,,0,80,,807,43,,,0,40,,818,43,,,0,160,,808,43,,,0,120,,809,43,,,0,120,,819,43,,,0,160,,810,43,,,0,40,,820,43,,,0,80,,814,43,,,0,80,,813,43,,,0,40,,815,43,,,0,80,,811,43,,,0,120,,816,43,,,0,165,,812,43,,,0,120,,822,43,,,0
100,'5196',753,,823,43,,,0,80,,824,43,,,0,80,,825,43,,,0,40,,827,43,,,0,160,,826,43,,,0,120,,828,43,,,0,120,,829,43,,,0,160,,830,43,,,0,40,,831,43,,,0,80,,832,43,,,0,80,,833,43,,,0,40,,834,43,,,0,160,,835,43,,,0
100,'5197',708,,851,43,,,0,41,,840,33,,,0,90,,856,22,,,0,74,,844,43,,,0,95,,843,43,,,0,120,,847,43,,,0,120,,836,43,,,0,80,,855,43,,,0,78,,845,43,,,0,42,,854,43,,,0,65,,841,43,,,0,15,,839,43,,,0,80,,850,43,,,0,40,,838,43,,,0,80,,849,43,,,0,80,,852,43,,,0,40,,837,43,,,0,160,,848,43,,,0,120,,846,43,,,0
900,'5188',1526,,782,2,,,0
900,'5197',1526,,974,2,,,0
1400,'5192',902,,804,24,,,0
1400,'5195',902,,997,24,,,0
1400,'5196',902,,998,24,,,0
1400,'5198',902,,1001,24,,,0
