100,'5009',756,,628,51,4,,0,80,,624,51,4,,0,80,,614,51,4,,0,40,,625,51,4,,0,160,,615,51,4,,0,120,,616,51,4,,0,120,,626,51,4,,0,160,,617,51,4,,0,40,,627,51,4,,0,80,,621,51,4,,0,80,,620,51,4,,0,40,,622,51,4,,0,80,,618,51,4,,0,120,,623,51,4,,0,165,,619,51,4,,0,120,,629,51,4,,0
100,'5010',756,,630,51,4,,0,80,,631,51,4,,0,80,,632,51,4,,0,40,,634,51,4,,0,160,,633,51,4,,0,120,,635,51,4,,0,120,,636,51,4,,0,160,,637,51,4,,0,40,,638,51,4,,0,80,,639,51,4,,0,80,,640,51,4,,0,40,,641,51,4,,0,160,,642,51,4,,0
100,'5188',752,,644,41,4,,0,90,,653,30,4,,0,74,,645,51,4,,0,415,,652,51,4,,0,120,,651,51,4,,0,160,,649,51,4,,0,120,,648,51,4,,0,120,,643,51,4,,0,160,,647,51,4,,0,120,,646,51,4,,0
100,'5207',711,,662,51,4,,0,300,,659,51,4,,0,120,,661,51,4,,0,120,,654,51,4,,0,158,,660,51,4,,0,107,,657,51,4,,0,15,,656,51,4,,0,120,,655,51,4,,0,160,,663,51,4,,0
101,'5009',715,,664,1,,,0,42,,665,1,,,0,80,,674,1,,,0,80,,666,1,,,0,40,,667,1,,,0,160,,668,1,,,0,120,,675,1,,,0,120,,669,1,,,0,160,,676,1,,,0,40,,670,1,,,0,80,,671,1,,,0,80,,672,1,,,0,40,,673,1,,,0,80,,677,1,,,0,120,,678,1,,,0,165,,679,1,,,0,120,,680,1,,,0
101,'5010',720,,688,1,,,0,37,,689,1,,,0,80,,690,1,,,0,80,,691,1,,,0,40,,692,1,,,0,160,,687,1,,,0,120,,693,1,,,0,120,,694,1,,,0,160,,681,1,,,0,40,,682,1,,,0,80,,683,1,,,0,80,,684,1,,,0,40,,686,1,,,0,160,,685,1,,,0
101,'5188',640,,703,1,0,11 12 10,0,117,,695,1,,,0,165,,696,1,,,0,410,,704,1,,,0,120,,697,1,,,0,160,,700,1,,,0,120,,702,1,,,0,120,,698,1,,,0,160,,699,1,,,0,130,,701,1,,,0
101,'5207',712,,705,1,,,0,135,,712,1,,,0,165,,706,1,,,0,120,,708,1,,,0,120,,710,1,,,0,160,,711,1,,,0,120,,709,1,,,0,120,,707,1,,,0
201,'5009',859,,715,7,,,0,171,,714,7,,,0,110,,716,7,,,0,110,,718,7,,,0,150,,719,7,,,0,110,,720,7,,,0,110,,713,7,,,0,118,,717,7,,,0,102,,721,7,,,0,175,,722,7,,,0,135,,723,7,,,0
201,'5010',859,,724,7,,,0,171,,725,7,,,0,110,,726,7,,,0,110,,727,7,,,0,150,,729,7,,,0,110,,728,7,,,0,110,,731,7,,,0,115,,730,7,,,0,175,,732,7,,,0
201,'5207',639,,735,7,,,0,172,,744,7,,,0,110,,737,7,,,0,110,,734,7,,,0,110,,738,7,,,0,110,,739,7,,,0,150,,745,7,,,0,116,,736,7,0,9 10,0,107,,740,7,,,0,118,,733,7,,,0,102,,741,7,,,0,175,,742,7,,,0,135,,743,7,,,0
1400,'5192',904,,804,25,,,0,630,,803,7,,,0
