201,'5009',921,,715,21,,,0,981,,721,35,,,0,135,,722,35,,,0,175,,723,35,,,0
201,'5010',921,,724,21,,,0,836,,730,35,,,0,175,,732,35,,,0
201,'5188',701,,735,21,,,0,1205,,741,35,,,0,135,,742,35,,,0,175,,743,35,,,0
201,'5195',921,,908,21,,,0,981,,914,35,,,0,135,,915,35,,,0,175,,916,35,,,0
201,'5196',921,,917,21,,,0,836,,923,35,,,0,175,,925,35,,,0
201,'5197',701,,928,21,,,0,1205,,934,35,,,0,135,,935,35,,,0,175,,936,35,,,0
1401,'5192',1005,,806,6,,,0,629,,805,6,,,0
1401,'5195',1005,,1003,6,,,0,629,,1002,6,,,0
1401,'5196',1005,,1004,6,,,0,629,,1005,6,,,0
1401,'5198',1005,,1007,6,,,0,629,,1006,6,,,0
