1200,'4532',741,,1462,1,0,6,0,286,,1463,1,,,0,290,,1461,1,,,0
1200,'5211',630,,1467,1,0,6,0,111,,1468,1,0,6,0,286,,1466,1,,,0,290,,1465,1,,,0,413,,1464,1,0,6,0
1201,'4532',848,,1469,20,4,,0,361,,1471,21,4,,0,245,,1470,21,4,,0
1201,'5211',737,,1476,20,4,,0,111,,1475,20,4,,0,361,,1473,21,4,,0,245,,1474,21,4,,0,390,,1472,19,4,,0
1300,'5212',1015,,1478,14,,,0,915,,1477,14,4,,0
1301,'5212',620,,1480,1,,,0,905,,1479,5,,,0
1400,'4532',850,,1482,1,,,0,675,,1481,1,,,0
1400,'5210',850,,1483,1,,,0,675,,1484,1,,,0
1400,'5211',850,,1486,1,,,0,675,,1485,1,,,0
1401,'4532',1023,,1488,17,4,,0,629,,1487,17,4,,0
1401,'5210',1023,,1489,17,4,,0,629,,1490,17,4,,0
1401,'5211',1023,,1492,17,4,,0,629,,1491,17,4,,0
