100,'4327',741,,1093,24,,,0,80,,1094,24,,,0,80,,1095,24,,,0,40,,1097,24,,,0,160,,1096,24,,,0,120,,1098,24,,,0,120,,1099,24,,,0,160,,1100,24,,,0,40,,1101,24,,,0,80,,1102,24,,,0,80,,1103,24,,,0,40,,1104,24,,,0,160,,1105,24,,,0
100,'5169',741,,1120,24,,,0,80,,1116,24,,,0,80,,1106,24,,,0,40,,1117,24,,,0,160,,1107,24,,,0,120,,1108,24,,,0,120,,1118,24,,,0,160,,1109,24,,,0,40,,1119,24,,,0,80,,1113,24,,,0,80,,1112,24,,,0,40,,1114,24,,,0,80,,1110,24,,,0,120,,1115,24,,,0,165,,1111,24,,,0,120,,1121,24,,,0
100,'5188',656,,1016,24,,,0,81,,644,14,,,0,90,,653,3,,,0,74,,645,24,,,0,55,,1013,24,,,0,160,,1015,24,,,0,120,,1008,24,,,0,80,,652,24,,,0,38,,1014,24,,,0,82,,651,24,,,0,65,,1011,24,,,0,15,,1010,24,,,0,40,,649,24,,,0,80,,1009,24,,,0,80,,648,24,,,0,40,,1017,24,,,0,80,,643,24,,,0,120,,647,24,,,0,160,,646,24,,,0
100,'5197',656,,1137,24,,,0,81,,1126,14,,,0,90,,1142,3,,,0,74,,1130,24,,,0,55,,1129,24,,,0,160,,1133,24,,,0,120,,1122,24,,,0,80,,1141,24,,,0,38,,1131,24,,,0,82,,1140,24,,,0,65,,1127,24,,,0,15,,1125,24,,,0,40,,1136,24,,,0,80,,1124,24,,,0,80,,1135,24,,,0,40,,1138,24,,,0,80,,1123,24,,,0,120,,1134,24,,,0,160,,1132,24,,,0
300,'4327',957,,1227,3,,,0,150,,1225,3,,,0,110,,1226,3,,,0,110,,1228,3,,,0,110,,1229,3,,,0,110,,1230,3,,,0,155,,1231,3,,,0,135,,1232,3,,,0
300,'5169',957,,1239,3,,,0,150,,1240,3,,,0,110,,1241,3,,,0,110,,1238,3,,,0,110,,1237,3,,,0,110,,1242,3,,,0,110,,1243,3,,,0,150,,1234,3,,,0,135,,1236,3,,,0,175,,1235,3,,,0
300,'5188',707,,766,3,0,13 9,0,30,,1088,3,,,0,110,,1078,3,,,0,111,,1079,3,,,0,150,,1080,3,,,0,110,,1081,3,,,0,110,,1089,3,,,0,110,,1082,3,,,0,104,,1083,3,,,0,159,,1084,3,,,0,110,,1085,3,,,0,135,,1086,3,,,0,175,,1087,3,,,0
300,'5197',707,,1257,3,0,13 9,0,30,,1255,3,,,0,110,,1245,3,,,0,111,,1246,3,,,0,150,,1247,3,,,0,110,,1248,3,,,0,110,,1256,3,,,0,110,,1249,3,,,0,104,,1250,3,,,0,159,,1251,3,,,0,110,,1252,3,,,0,135,,1253,3,,,0,175,,1254,3,,,0
1300,'5191',1017,,800,16,,,0
1300,'5199',1017,,1279,16,,,0
1400,'4327',851,,1282,3,,,0
1400,'5169',851,,1285,3,,,0
1400,'5192',851,,804,3,,,0
1400,'5198',851,,1287,3,,,0
