201,'5009',900,,715,9,,,0,131,,714,9,,,0,110,,716,9,,,0,110,,718,9,,,0,150,,719,9,,,0,110,,720,9,,,0,110,,713,9,,,0,118,,717,9,,,0,102,,721,9,,,0,175,,722,9,,,0,135,,723,9,,,0
201,'5010',900,,724,9,,,0,131,,725,9,,,0,110,,726,9,,,0,110,,727,9,,,0,150,,729,9,,,0,110,,728,9,,,0,110,,731,9,,,0,115,,730,9,,,0,175,,732,9,,,0
201,'5188',640,,735,9,,,0,172,,744,9,,,0,110,,737,9,,,0,110,,734,9,,,0,110,,738,9,,,0,110,,739,9,,,0,150,,745,9,,,0,116,,736,9,0,9 10,0,107,,740,9,,,0,118,,733,9,,,0,102,,741,9,,,0,175,,742,9,,,0,135,,743,9,,,0
201,'5195',900,,908,9,,,0,131,,907,9,,,0,110,,909,9,,,0,110,,911,9,,,0,150,,912,9,,,0,110,,913,9,,,0,110,,906,9,,,0,118,,910,9,,,0,102,,914,9,,,0,175,,915,9,,,0,135,,916,9,,,0
201,'5196',900,,917,9,,,0,131,,918,9,,,0,110,,919,9,,,0,110,,920,9,,,0,150,,922,9,,,0,110,,921,9,,,0,110,,924,9,,,0,115,,923,9,,,0,175,,925,9,,,0
201,'5197',640,,928,9,,,0,172,,937,9,,,0,110,,930,9,,,0,110,,927,9,,,0,110,,931,9,,,0,110,,932,9,,,0,150,,938,9,,,0,116,,929,9,0,9 10,0,107,,933,9,,,0,118,,926,9,,,0,102,,934,9,,,0,175,,935,9,,,0,135,,936,9,,,0
1400,'5192',905,,804,27,,,0,629,,803,9,,,0
1400,'5195',905,,997,27,,,0,629,,996,9,,,0
1400,'5196',905,,998,27,,,0,629,,999,9,,,0
1400,'5198',905,,1001,27,,,0,629,,1000,9,,,0
