201,'5009',913,,715,15,,,0,943,,721,29,,,0,175,,722,29,,,0,175,,723,29,,,0
201,'5010',913,,724,15,,,0,838,,730,29,,,0,175,,732,29,,,0
201,'5188',653,,735,15,,,0,1247,,741,29,,,0,135,,742,29,,,0,175,,743,29,,,0
201,'5195',913,,908,15,,,0,943,,914,29,,,0,175,,915,29,,,0,175,,916,29,,,0
201,'5196',913,,917,15,,,0,838,,923,29,,,0,175,,925,29,,,0
201,'5197',653,,928,15,,,0,1247,,934,29,,,0,135,,935,29,,,0,175,,936,29,,,0
1400,'5192',914,,804,33,,,0,629,,803,15,,,0
1400,'5195',914,,997,33,,,0,629,,996,15,,,0
1400,'5196',914,,998,33,,,0,629,,999,15,,,0
1400,'5198',914,,1001,33,,,0,629,,1000,15,,,0
