300,'5009',836,,756,2,,,0,172,,751,19,,,0,110,,752,19,,,0,110,,753,19,,,0,110,,750,19,,,0,110,,749,19,,,0,110,,754,19,,,0,150,,755,19,,,0,110,,746,19,,,0,135,,748,19,,,0,175,,747,19,,,0
300,'5010',836,,765,2,,,0,172,,758,19,,,0,110,,757,19,,,0,110,,759,19,,,0,110,,760,19,,,0,110,,761,19,,,0,110,,762,19,,,0,155,,763,19,,,0,135,,764,19,,,0
300,'5188',718,,766,19,0,13 9,0,30,,777,19,,,0,110,,767,19,,,0,151,,768,19,,,0,110,,769,19,,,0,110,,770,19,,,0,110,,778,19,,,0,110,,771,19,,,0,104,,772,19,,,0,159,,773,19,,,0,110,,774,19,,,0,135,,775,19,,,0,175,,776,19,,,0
300,'5195',836,,949,2,,,0,172,,944,19,,,0,110,,945,19,,,0,110,,946,19,,,0,110,,943,19,,,0,110,,942,19,,,0,110,,947,19,,,0,150,,948,19,,,0,110,,939,19,,,0,135,,941,19,,,0,175,,940,19,,,0
300,'5196',836,,958,2,,,0,172,,952,19,,,0,110,,950,19,,,0,110,,951,19,,,0,110,,953,19,,,0,110,,954,19,,,0,110,,955,19,,,0,155,,956,19,,,0,135,,957,19,,,0
300,'5197',718,,971,19,0,13 9,0,30,,969,19,,,0,110,,959,19,,,0,151,,960,19,,,0,110,,961,19,,,0,110,,962,19,,,0,110,,970,19,,,0,110,,963,19,,,0,104,,964,19,,,0,159,,965,19,,,0,110,,966,19,,,0,135,,967,19,,,0,175,,968,19,,,0
1201,'5009',841,,791,10,,,0,361,,793,11,,,0,245,,792,11,,,0
1201,'5189',730,,798,10,,,0,111,,797,10,,,0,361,,795,11,,,0,245,,796,11,,,0,390,,794,9,,,0
1201,'5195',841,,984,10,,,0,361,,986,11,,,0,245,,985,11,,,0
1201,'5198',730,,991,10,,,0,111,,990,10,,,0,361,,988,11,,,0,245,,989,11,,,0,390,,987,9,,,0
