201,'5009',904,,715,14,,,0,947,,721,28,,,0,175,,722,28,,,0,175,,723,28,,,0
201,'5010',904,,724,14,,,0,842,,730,28,,,0,175,,732,28,,,0
201,'5188',644,,735,14,,,0,1211,,741,28,,,0,175,,742,28,,,0,175,,743,28,,,0
201,'5195',904,,908,14,,,0,947,,914,28,,,0,175,,915,28,,,0,175,,916,28,,,0
201,'5196',904,,917,14,,,0,842,,923,28,,,0,175,,925,28,,,0
201,'5197',644,,928,14,,,0,1211,,934,28,,,0,175,,935,28,,,0,175,,936,28,,,0
1400,'5192',910,,804,32,,,0,629,,803,14,,,0
1400,'5195',910,,997,32,,,0,629,,996,14,,,0
1400,'5196',910,,998,32,,,0,629,,999,14,,,0
1400,'5198',910,,1001,32,,,0,629,,1000,14,,,0
