100,'5009',747,,628,34,,,0,80,,624,34,,,0,80,,614,34,,,0,40,,625,34,,,0,160,,615,34,,,0,120,,616,34,,,0,120,,626,34,,,0,160,,617,34,,,0,40,,627,34,,,0,80,,621,34,,,0,80,,620,34,,,0,40,,622,34,,,0,80,,618,34,,,0,120,,623,34,,,0,165,,619,34,,,0,120,,629,34,,,0
100,'5010',747,,630,34,,,0,80,,631,34,,,0,80,,632,34,,,0,40,,634,34,,,0,160,,633,34,,,0,120,,635,34,,,0,120,,636,34,,,0,160,,637,34,,,0,40,,638,34,,,0,80,,639,34,,,0,80,,640,34,,,0,40,,641,34,,,0,160,,642,34,,,0
100,'5188',702,,662,34,,,0,41,,644,24,,,0,90,,653,13,,,0,74,,645,34,,,0,95,,659,34,,,0,120,,661,34,,,0,120,,654,34,,,0,80,,652,34,,,0,78,,660,34,,,0,42,,651,34,,,0,65,,657,34,,,0,15,,656,34,,,0,80,,649,34,,,0,40,,655,34,,,0,80,,648,34,,,0,80,,663,34,,,0,40,,643,34,,,0,160,,647,34,,,0,120,,646,34,,,0
100,'5195',747,,821,34,,,0,80,,817,34,,,0,80,,807,34,,,0,40,,818,34,,,0,160,,808,34,,,0,120,,809,34,,,0,120,,819,34,,,0,160,,810,34,,,0,40,,820,34,,,0,80,,814,34,,,0,80,,813,34,,,0,40,,815,34,,,0,80,,811,34,,,0,120,,816,34,,,0,165,,812,34,,,0,120,,822,34,,,0
100,'5196',747,,823,34,,,0,80,,824,34,,,0,80,,825,34,,,0,40,,827,34,,,0,160,,826,34,,,0,120,,828,34,,,0,120,,829,34,,,0,160,,830,34,,,0,40,,831,34,,,0,80,,832,34,,,0,80,,833,34,,,0,40,,834,34,,,0,160,,835,34,,,0
100,'5197',702,,851,34,,,0,41,,840,24,,,0,90,,856,13,,,0,74,,844,34,,,0,95,,843,34,,,0,120,,847,34,,,0,120,,836,34,,,0,80,,855,34,,,0,78,,845,34,,,0,42,,854,34,,,0,65,,841,34,,,0,15,,839,34,,,0,80,,850,34,,,0,40,,838,34,,,0,80,,849,34,,,0,80,,852,34,,,0,40,,837,34,,,0,160,,848,34,,,0,120,,846,34,,,0
900,'5188',827,,780,13,0,7 14,0
900,'5197',827,,973,13,0,7 14,0
1400,'5192',857,,804,15,,,0
1400,'5195',857,,997,15,,,0
1400,'5196',857,,998,15,,,0
1400,'5198',857,,1001,15,,,0
