201,'5009',931,,715,33,,,0,111,,714,25,,,0,110,,716,25,,,0,150,,718,25,,,0,110,,719,25,,,0,110,,720,25,,,0,110,,713,25,,,0,118,,717,25,,,0,162,,721,37,,,0,135,,722,37,,,0,175,,723,37,,,0
201,'5010',931,,724,33,,,0,111,,725,25,,,0,110,,726,25,,,0,150,,727,25,,,0,110,,729,25,,,0,110,,728,25,,,0,110,,731,25,,,0,175,,730,37,,,0,135,,732,37,,,0
201,'5188',711,,735,33,,,0,112,,744,25,,,0,110,,737,25,,,0,110,,734,25,,,0,110,,738,25,,,0,150,,739,25,,,0,110,,745,25,,,0,116,,736,25,0,9 10,0,107,,740,25,,,0,118,,733,25,,,0,162,,741,37,,,0,135,,742,37,,,0,175,,743,37,,,0
201,'5195',931,,908,33,,,0,111,,907,25,,,0,110,,909,25,,,0,150,,911,25,,,0,110,,912,25,,,0,110,,913,25,,,0,110,,906,25,,,0,118,,910,25,,,0,162,,914,37,,,0,135,,915,37,,,0,175,,916,37,,,0
201,'5196',931,,917,33,,,0,111,,918,25,,,0,110,,919,25,,,0,150,,920,25,,,0,110,,922,25,,,0,110,,921,25,,,0,110,,924,25,,,0,175,,923,37,,,0,135,,925,37,,,0
201,'5197',711,,928,33,,,0,112,,937,25,,,0,110,,930,25,,,0,110,,927,25,,,0,110,,931,25,,,0,150,,932,25,,,0,110,,938,25,,,0,116,,929,25,0,9 10,0,107,,933,25,,,0,118,,926,25,,,0,162,,934,37,,,0,135,,935,37,,,0,175,,936,37,,,0
1401,'5192',1012,,806,8,,,0,629,,805,8,,,0
1401,'5195',1012,,1003,8,,,0,629,,1002,8,,,0
1401,'5196',1012,,1004,8,,,0,629,,1005,8,,,0
1401,'5198',1012,,1007,8,,,0,629,,1006,8,,,0
