201,'5009',933,,715,37,,,0,111,,714,29,,,0,110,,716,29,,,0,150,,718,29,,,0,110,,719,29,,,0,110,,720,29,,,0,110,,713,29,,,0,118,,717,29,,,0,162,,721,41,,,0,135,,722,41,,,0,175,,723,41,,,0
201,'5010',933,,724,37,,,0,111,,725,29,,,0,110,,726,29,,,0,150,,727,29,,,0,110,,729,29,,,0,110,,728,29,,,0,110,,731,29,,,0,175,,730,41,,,0,135,,732,41,,,0
201,'5188',713,,735,37,,,0,112,,744,29,,,0,110,,737,29,,,0,110,,734,29,,,0,110,,738,29,,,0,150,,739,29,,,0,110,,745,29,,,0,116,,736,29,4,,0,107,,740,29,,,0,118,,733,29,,,0,162,,741,41,,,0,135,,742,41,,,0,175,,743,41,,,0
201,'5195',933,,908,37,,,0,111,,907,29,,,0,110,,909,29,,,0,150,,911,29,,,0,110,,912,29,,,0,110,,913,29,,,0,110,,906,29,,,0,118,,910,29,,,0,162,,914,41,,,0,135,,915,41,,,0,175,,916,41,,,0
201,'5196',933,,917,37,,,0,111,,918,29,,,0,110,,919,29,,,0,150,,920,29,,,0,110,,922,29,,,0,110,,921,29,,,0,110,,924,29,,,0,175,,923,41,,,0,135,,925,41,,,0
201,'5197',713,,928,37,,,0,112,,937,29,,,0,110,,930,29,,,0,110,,927,29,,,0,110,,931,29,,,0,150,,932,29,,,0,110,,938,29,,,0,116,,929,29,4,,0,107,,933,29,,,0,118,,926,29,,,0,162,,934,41,,,0,135,,935,41,,,0,175,,936,41,,,0
1401,'5192',1014,,806,12,,,0,629,,805,12,,,0
1401,'5195',1014,,1003,12,,,0,629,,1002,12,,,0
1401,'5196',1014,,1004,12,,,0,629,,1005,12,,,0
1401,'5198',1014,,1007,12,,,0,629,,1006,12,,,0
