100,'5009',748,,628,37,,,0,80,,624,37,,,0,80,,614,37,,,0,40,,625,37,,,0,160,,615,37,,,0,120,,616,37,,,0,120,,626,37,,,0,160,,617,37,,,0,40,,627,37,,,0,80,,621,37,,,0,80,,620,37,,,0,40,,622,37,,,0,80,,618,37,,,0,120,,623,37,,,0,165,,619,37,,,0,120,,629,37,,,0
100,'5010',748,,630,37,,,0,80,,631,37,,,0,80,,632,37,,,0,40,,634,37,,,0,160,,633,37,,,0,120,,635,37,,,0,120,,636,37,,,0,160,,637,37,,,0,40,,638,37,,,0,80,,639,37,,,0,80,,640,37,,,0,40,,641,37,,,0,160,,642,37,,,0
100,'5188',703,,662,37,,,0,41,,644,27,,,0,90,,653,16,,,0,74,,645,37,,,0,95,,659,37,,,0,120,,661,37,,,0,120,,654,37,,,0,80,,652,37,,,0,78,,660,37,,,0,42,,651,37,,,0,65,,657,37,,,0,15,,656,37,,,0,80,,649,37,,,0,40,,655,37,,,0,80,,648,37,,,0,80,,663,37,,,0,40,,643,37,,,0,160,,647,37,,,0,120,,646,37,,,0
100,'5195',748,,821,37,,,0,80,,817,37,,,0,80,,807,37,,,0,40,,818,37,,,0,160,,808,37,,,0,120,,809,37,,,0,120,,819,37,,,0,160,,810,37,,,0,40,,820,37,,,0,80,,814,37,,,0,80,,813,37,,,0,40,,815,37,,,0,80,,811,37,,,0,120,,816,37,,,0,165,,812,37,,,0,120,,822,37,,,0
100,'5196',748,,823,37,,,0,80,,824,37,,,0,80,,825,37,,,0,40,,827,37,,,0,160,,826,37,,,0,120,,828,37,,,0,120,,829,37,,,0,160,,830,37,,,0,40,,831,37,,,0,80,,832,37,,,0,80,,833,37,,,0,40,,834,37,,,0,160,,835,37,,,0
100,'5197',703,,851,37,,,0,41,,840,27,,,0,90,,856,16,,,0,74,,844,37,,,0,95,,843,37,,,0,120,,847,37,,,0,120,,836,37,,,0,80,,855,37,,,0,78,,845,37,,,0,42,,854,37,,,0,65,,841,37,,,0,15,,839,37,,,0,80,,850,37,,,0,40,,838,37,,,0,80,,849,37,,,0,80,,852,37,,,0,40,,837,37,,,0,160,,848,37,,,0,120,,846,37,,,0
1400,'5192',858,,804,18,,,0
1400,'5195',858,,997,18,,,0
1400,'5196',858,,998,18,,,0
1400,'5198',858,,1001,18,,,0
