300,'5009',1005,,751,16,,,0,110,,752,16,,,0,110,,753,16,,,0,110,,750,16,,,0,110,,749,16,,,0,110,,754,16,,,0,150,,755,16,,,0,110,,746,16,,,0,135,,748,16,,,0,175,,747,16,,,0
300,'5010',1005,,758,16,,,0,110,,757,16,,,0,110,,759,16,,,0,110,,760,16,,,0,110,,761,16,,,0,110,,762,16,,,0,155,,763,16,,,0,135,,764,16,,,0
300,'5188',715,,766,16,0,13 9,0,30,,777,16,,,0,110,,767,16,,,0,151,,768,16,,,0,110,,769,16,,,0,110,,770,16,,,0,110,,778,16,,,0,110,,771,16,,,0,104,,772,16,,,0,159,,773,16,,,0,110,,774,16,,,0,135,,775,16,,,0,175,,776,16,,,0
300,'5195',1005,,944,16,,,0,110,,945,16,,,0,110,,946,16,,,0,110,,943,16,,,0,110,,942,16,,,0,110,,947,16,,,0,150,,948,16,,,0,110,,939,16,,,0,135,,941,16,,,0,175,,940,16,,,0
300,'5196',1005,,952,16,,,0,110,,950,16,,,0,110,,951,16,,,0,110,,953,16,,,0,110,,954,16,,,0,110,,955,16,,,0,155,,956,16,,,0,135,,957,16,,,0
300,'5197',715,,971,16,0,13 9,0,30,,969,16,,,0,110,,959,16,,,0,151,,960,16,,,0,110,,961,16,,,0,110,,962,16,,,0,110,,970,16,,,0,110,,963,16,,,0,104,,964,16,,,0,159,,965,16,,,0,110,,966,16,,,0,135,,967,16,,,0,175,,968,16,,,0
1200,'5009',745,,784,5,0,6,0,286,,785,5,,,0,290,,783,5,,,0
1200,'5189',634,,789,5,0,6,0,111,,790,5,0,6,0,286,,788,5,,,0,290,,787,5,,,0,413,,786,5,0,6,0
1200,'5195',745,,977,5,0,6,0,286,,978,5,,,0,290,,976,5,,,0
1200,'5198',634,,982,5,0,6,0,111,,983,5,0,6,0,286,,981,5,,,0,290,,980,5,,,0,413,,979,5,0,6,0
