300,'5009',844,,756,14,,,0,171,,751,31,,,0,110,,752,31,,,0,110,,753,31,,,0,110,,750,31,,,0,110,,749,31,,,0,150,,754,31,,,0,110,,755,31,,,0,110,,746,31,,,0,175,,748,31,,,0,135,,747,31,,,0
300,'5010',844,,765,14,,,0,171,,758,31,,,0,110,,757,31,,,0,110,,759,31,,,0,110,,760,31,,,0,110,,761,31,,,0,150,,762,31,,,0,115,,763,31,,,0,135,,764,31,,,0
300,'5188',756,,777,31,,,0,150,,767,31,,,0,110,,768,31,,,0,110,,769,31,,,0,110,,770,31,,,0,110,,778,31,,,0,110,,771,31,,,0,144,,772,31,,,0,119,,773,31,,,0,110,,774,31,,,0,175,,775,31,,,0,135,,776,31,,,0
300,'5195',844,,949,14,,,0,171,,944,31,,,0,110,,945,31,,,0,110,,946,31,,,0,110,,943,31,,,0,110,,942,31,,,0,150,,947,31,,,0,110,,948,31,,,0,110,,939,31,,,0,175,,941,31,,,0,135,,940,31,,,0
300,'5196',844,,958,14,,,0,171,,952,31,,,0,110,,950,31,,,0,110,,951,31,,,0,110,,953,31,,,0,110,,954,31,,,0,150,,955,31,,,0,115,,956,31,,,0,135,,957,31,,,0
300,'5197',756,,969,31,,,0,150,,959,31,,,0,110,,960,31,,,0,110,,961,31,,,0,110,,962,31,,,0,110,,970,31,,,0,110,,963,31,,,0,144,,964,31,,,0,119,,965,31,,,0,110,,966,31,,,0,175,,967,31,,,0,135,,968,31,,,0
1201,'5009',843,,791,11,,,0,361,,793,12,,,0,245,,792,12,,,0
1201,'5189',732,,798,11,,,0,111,,797,11,,,0,361,,795,12,,,0,245,,796,12,,,0,390,,794,10,,,0
1201,'5195',843,,984,11,,,0,361,,986,12,,,0,245,,985,12,,,0
1201,'5198',732,,991,11,,,0,111,,990,11,,,0,361,,988,12,,,0,245,,989,12,,,0,390,,987,10,,,0
