100,'4528',651,,1309,18,,,0,81,,1298,8,,,0,84,,1300,18,0,11 12 10,0,40,,1302,18,,,0,95,,1301,18,,,0,160,,1305,18,,,0,120,,1294,18,,,0,80,,1313,18,,,0,38,,1303,18,,,0,82,,1312,18,,,0,25,,1299,18,,,0,55,,1297,18,,,0,40,,1308,18,,,0,80,,1296,18,,,0,80,,1307,18,,,0,40,,1310,18,,,0,80,,1295,18,,,0,120,,1306,18,,,0,160,,1304,18,,,0,130,,1311,18,0,11 12 10,0
100,'4532',736,,1328,18,,,0,80,,1324,18,,,0,40,,1314,18,,,0,80,,1325,18,,,0,120,,1315,18,,,0,160,,1316,18,,,0,120,,1326,18,,,0,120,,1317,18,,,0,80,,1327,18,,,0,80,,1321,18,,,0,40,,1320,18,,,0,80,,1322,18,,,0,80,,1318,18,,,0,120,,1323,18,,,0,165,,1319,18,,,0,120,,1329,18,,,0
100,'5210',736,,1330,18,,,0,80,,1331,18,,,0,40,,1332,18,,,0,80,,1334,18,,,0,120,,1333,18,,,0,160,,1335,18,,,0,120,,1336,18,,,0,120,,1337,18,,,0,80,,1338,18,,,0,80,,1339,18,,,0,40,,1340,18,,,0,80,,1341,18,,,0,120,,1342,18,,,0
201,'4528',721,,1394,38,,,0,112,,1403,30,,,0,110,,1396,30,,,0,110,,1393,30,,,0,150,,1397,30,,,0,110,,1398,30,,,0,110,,1404,30,,,0,223,,1399,30,,,0,158,,1392,30,,,0,122,,1400,42,,,0,175,,1401,42,,,0,135,,1402,42,,,0
201,'4532',941,,1407,38,,,0,111,,1406,30,,,0,150,,1408,30,,,0,110,,1410,30,,,0,110,,1411,30,,,0,110,,1412,30,,,0,110,,1405,30,,,0,158,,1409,30,,,0,122,,1413,42,,,0,135,,1414,42,,,0,175,,1415,42,,,0
201,'5210',941,,1416,38,,,0,111,,1417,30,,,0,150,,1418,30,,,0,110,,1419,30,,,0,110,,1421,30,,,0,110,,1420,30,,,0,110,,1423,30,,,0,175,,1422,42,,,0,135,,1424,42,,,0
900,'4528',1533,,1460,3,,,0
1300,'5212',1012,,1478,10,,,0,915,,1477,10,,,0
1401,'4532',1021,,1488,13,,,0,629,,1487,13,,,0
1401,'5210',1021,,1489,13,,,0,629,,1490,13,,,0
1401,'5211',1021,,1492,13,,,0,629,,1491,13,,,0
