101,'5009',738,,664,31,,,0,82,,665,31,,,0,80,,674,31,,,0,40,,666,31,,,0,80,,667,31,,,0,120,,668,31,,,0,160,,675,31,,,0,120,,669,31,,,0,120,,676,31,,,0,80,,670,31,,,0,80,,671,31,,,0,40,,672,31,,,0,80,,673,31,,,0,80,,677,31,,,0,120,,678,31,,,0,125,,679,31,,,0,160,,680,31,,,0
101,'5010',743,,688,31,,,0,77,,689,31,,,0,80,,690,31,,,0,40,,691,31,,,0,80,,692,31,,,0,120,,687,31,,,0,160,,693,31,,,0,120,,694,31,,,0,120,,681,31,,,0,80,,682,31,,,0,80,,683,31,,,0,40,,684,31,,,0,80,,686,31,,,0,120,,685,31,,,0
101,'5188',820,,695,31,,,0,125,,696,31,,,0,410,,704,31,,,0,160,,697,31,,,0,120,,700,31,,,0,120,,702,31,,,0,160,,698,31,,,0,120,,699,31,,,0,170,,701,31,,,0
101,'5235',735,,705,31,,,0,175,,712,31,,,0,125,,706,31,,,0,120,,708,31,,,0,160,,710,31,,,0,120,,711,31,,,0,120,,709,31,,,0,160,,707,31,,,0
101,'5236',735,,1018,31,,,0,175,,1025,31,,,0,125,,1019,31,,,0,120,,1021,31,,,0,160,,1023,31,,,0,120,,1024,31,,,0,120,,1022,31,,,0,160,,1020,31,,,0
201,'5009',852,,1028,5,,,0,171,,1027,5,,,0,110,,1029,5,,,0,110,,1031,5,,,0,110,,1032,5,,,0,150,,1033,5,,,0,110,,1026,5,,,0,118,,1030,5,,,0,102,,1034,5,,,0,175,,1035,5,,,0,135,,1036,5,,,0
201,'5010',852,,1037,5,,,0,171,,1038,5,,,0,110,,1039,5,,,0,110,,1040,5,,,0,110,,1042,5,,,0,150,,1041,5,,,0,110,,1044,5,,,0,115,,1043,5,,,0,175,,1045,5,,,0
201,'5188',1510,,736,5,0,9 10,0
201,'5235',632,,735,5,,,0,172,,744,5,,,0,110,,737,5,,,0,110,,734,5,,,0,110,,738,5,,,0,110,,739,5,,,0,110,,745,5,,,0,263,,740,5,,,0,118,,733,5,,,0,102,,741,5,,,0,175,,742,5,,,0,135,,743,5,,,0
201,'5236',632,,1048,5,,,0,172,,1056,5,,,0,110,,1049,5,,,0,110,,1047,5,,,0,110,,1050,5,,,0,110,,1051,5,,,0,110,,1057,5,,,0,263,,1052,5,,,0,118,,1046,5,,,0,102,,1053,5,,,0,175,,1054,5,,,0,135,,1055,5,,,0
1301,'5191',623,,802,5,,,0,905,,801,9,,,0
1400,'5192',1527,,803,5,,,0
