100,'4327',746,,1093,33,,,0,80,,1094,33,,,0,80,,1095,33,,,0,40,,1097,33,,,0,160,,1096,33,,,0,120,,1098,33,,,0,120,,1099,33,,,0,160,,1100,33,,,0,40,,1101,33,,,0,80,,1102,33,,,0,80,,1103,33,,,0,40,,1104,33,,,0,160,,1105,33,,,0
100,'5169',746,,1120,33,,,0,80,,1116,33,,,0,80,,1106,33,,,0,40,,1117,33,,,0,160,,1107,33,,,0,120,,1108,33,,,0,120,,1118,33,,,0,160,,1109,33,,,0,40,,1119,33,,,0,80,,1113,33,,,0,80,,1112,33,,,0,40,,1114,33,,,0,80,,1110,33,,,0,120,,1115,33,,,0,165,,1111,33,,,0,120,,1121,33,,,0
100,'5188',701,,1016,33,,,0,41,,644,23,,,0,90,,653,12,,,0,74,,645,33,,,0,95,,1013,33,,,0,120,,1015,33,,,0,120,,1008,33,,,0,80,,652,33,,,0,38,,1014,33,,,0,82,,651,33,,,0,65,,1011,33,,,0,15,,1010,33,,,0,80,,649,33,,,0,40,,1009,33,,,0,80,,648,33,,,0,80,,1017,33,,,0,40,,643,33,,,0,160,,647,33,,,0,120,,646,33,,,0
100,'5197',701,,1137,33,,,0,41,,1126,23,,,0,90,,1142,12,,,0,74,,1130,33,,,0,95,,1129,33,,,0,120,,1133,33,,,0,120,,1122,33,,,0,80,,1141,33,,,0,38,,1131,33,,,0,82,,1140,33,,,0,65,,1127,33,,,0,15,,1125,33,,,0,80,,1136,33,,,0,40,,1124,33,,,0,80,,1135,33,,,0,80,,1138,33,,,0,40,,1123,33,,,0,160,,1134,33,,,0,120,,1132,33,,,0
900,'5188',826,,1090,12,0,7 14,0
900,'5197',826,,1259,12,0,7 14,0
1400,'4327',857,,1282,14,,,0
1400,'5169',857,,1285,14,,,0
1400,'5192',857,,804,14,,,0
1400,'5198',857,,1287,14,,,0
