100,'4327',742,,1093,27,,,0,80,,1094,27,,,0,80,,1095,27,,,0,40,,1097,27,,,0,160,,1096,27,,,0,120,,1098,27,,,0,120,,1099,27,,,0,160,,1100,27,,,0,40,,1101,27,,,0,80,,1102,27,,,0,80,,1103,27,,,0,40,,1104,27,,,0,160,,1105,27,,,0
100,'5169',742,,1120,27,,,0,80,,1116,27,,,0,80,,1106,27,,,0,40,,1117,27,,,0,160,,1107,27,,,0,120,,1108,27,,,0,120,,1118,27,,,0,160,,1109,27,,,0,40,,1119,27,,,0,80,,1113,27,,,0,80,,1112,27,,,0,40,,1114,27,,,0,80,,1110,27,,,0,120,,1115,27,,,0,165,,1111,27,,,0,120,,1121,27,,,0
100,'5188',657,,1016,27,,,0,81,,644,17,,,0,90,,653,6,,,0,74,,645,27,,,0,55,,1013,27,,,0,160,,1015,27,,,0,120,,1008,27,,,0,80,,652,27,,,0,38,,1014,27,,,0,82,,651,27,,,0,65,,1011,27,,,0,15,,1010,27,,,0,40,,649,27,,,0,80,,1009,27,,,0,80,,648,27,,,0,40,,1017,27,,,0,80,,643,27,,,0,120,,647,27,,,0,160,,646,27,,,0
100,'5197',657,,1137,27,,,0,81,,1126,17,,,0,90,,1142,6,,,0,74,,1130,27,,,0,55,,1129,27,,,0,160,,1133,27,,,0,120,,1122,27,,,0,80,,1141,27,,,0,38,,1131,27,,,0,82,,1140,27,,,0,65,,1127,27,,,0,15,,1125,27,,,0,40,,1136,27,,,0,80,,1124,27,,,0,80,,1135,27,,,0,40,,1138,27,,,0,80,,1123,27,,,0,120,,1134,27,,,0,160,,1132,27,,,0
300,'4327',959,,1227,6,,,0,150,,1225,6,,,0,110,,1226,6,,,0,110,,1228,6,,,0,110,,1229,6,,,0,110,,1230,6,,,0,155,,1231,6,,,0,135,,1232,6,,,0
300,'5169',959,,1239,6,,,0,150,,1240,6,,,0,110,,1241,6,,,0,110,,1238,6,,,0,110,,1237,6,,,0,110,,1242,6,,,0,110,,1243,6,,,0,150,,1234,6,,,0,135,,1236,6,,,0,175,,1235,6,,,0
300,'5188',709,,766,6,0,13 9,0,30,,1088,6,,,0,110,,1078,6,,,0,151,,1079,6,,,0,110,,1080,6,,,0,110,,1081,6,,,0,110,,1089,6,,,0,110,,1082,6,,,0,104,,1083,6,,,0,159,,1084,6,,,0,110,,1085,6,,,0,135,,1086,6,,,0,175,,1087,6,,,0
300,'5197',709,,1257,6,0,13 9,0,30,,1255,6,,,0,110,,1245,6,,,0,151,,1246,6,,,0,110,,1247,6,,,0,110,,1248,6,,,0,110,,1256,6,,,0,110,,1249,6,,,0,104,,1250,6,,,0,159,,1251,6,,,0,110,,1252,6,,,0,135,,1253,6,,,0,175,,1254,6,,,0
1400,'4327',853,,1282,7,,,0
1400,'5169',853,,1285,7,,,0
1400,'5192',853,,804,7,,,0
1400,'5198',853,,1287,7,,,0
