300,'5009',846,,756,18,4,,0,171,,751,35,4,,0,110,,752,35,4,,0,110,,753,35,4,,0,110,,750,35,4,,0,110,,749,35,4,,0,150,,754,35,4,,0,110,,755,35,4,,0,110,,746,35,4,,0,175,,748,35,4,,0,135,,747,35,4,,0
300,'5010',846,,765,18,4,,0,171,,758,35,4,,0,110,,757,35,4,,0,110,,759,35,4,,0,110,,760,35,4,,0,110,,761,35,4,,0,150,,762,35,4,,0,115,,763,35,4,,0,135,,764,35,4,,0
300,'5188',758,,777,35,4,,0,150,,767,35,4,,0,110,,768,35,4,,0,110,,769,35,4,,0,110,,770,35,4,,0,110,,778,35,4,,0,110,,771,35,4,,0,144,,772,35,4,,0,119,,773,35,4,,0,110,,774,35,4,,0,175,,775,35,4,,0,135,,776,35,4,,0
300,'5195',846,,949,18,4,,0,171,,944,35,4,,0,110,,945,35,4,,0,110,,946,35,4,,0,110,,943,35,4,,0,110,,942,35,4,,0,150,,947,35,4,,0,110,,948,35,4,,0,110,,939,35,4,,0,175,,941,35,4,,0,135,,940,35,4,,0
300,'5196',846,,958,18,4,,0,171,,952,35,4,,0,110,,950,35,4,,0,110,,951,35,4,,0,110,,953,35,4,,0,110,,954,35,4,,0,150,,955,35,4,,0,115,,956,35,4,,0,135,,957,35,4,,0
300,'5197',758,,969,35,4,,0,150,,959,35,4,,0,110,,960,35,4,,0,110,,961,35,4,,0,110,,962,35,4,,0,110,,970,35,4,,0,110,,963,35,4,,0,144,,964,35,4,,0,119,,965,35,4,,0,110,,966,35,4,,0,175,,967,35,4,,0,135,,968,35,4,,0
1201,'5009',845,,791,15,,,0,361,,793,16,,,0,245,,792,16,,,0
1201,'5189',734,,798,15,,,0,111,,797,15,,,0,361,,795,16,,,0,245,,796,16,,,0,390,,794,14,,,0
1201,'5195',845,,984,15,,,0,361,,986,16,,,0,245,,985,16,,,0
1201,'5198',734,,991,15,,,0,111,,990,15,,,0,361,,988,16,,,0,245,,989,16,,,0,390,,987,14,,,0
