'2086',100,70000,,'',0,3000,0,'Tla''amin',0,1900,4,'',0,6100,,'',0,1400,4,'',0,8100,4,'',0,4000,0,'Tla''amin',0,10200,4,'',0,15300,,'',0,4900,4,'',0,15600,0,'Tla''amin',0,10800,4,'',0,2200,,'',0,2000,,'',0,6900,4,'',0,2500,4,'',0,100,,'',0,8900,4,'',0,11100,,'',0,8900,4,'',0,11100,,'',0,8900,4,'',0,1100,,'',0,8800,4,'',0
'2087',100,90000,,'',0,4900,4,'',0,15100,,'',0,4900,4,'',0,15100,,'',0,4900,4,'',0,40600,0,'Tla''amin',0,10000,4,'',0,15000,,'',0,4900,4,'',0
'2089',100,90000,,'',0,4900,4,'',0,15100,,'',0,4900,4,'',0,15100,,'',0,4900,4,'',0,40600,0,'Tla''amin',0,10000,4,'',0,15000,,'',0,4900,4,'',0,18100,0,'Tla''amin',0,9900,4,'',0
'3022',100,84000,,'',0,8900,4,'',0,2100,,'',0,8900,4,'',0,600,,'',0,8900,4,'',0,2100,,'',0,8900,4,'',0,100,,'',0,8900,4,'',0,2100,,'',0,8900,4,'',0,100,,'',0,8900,4,'',0,2100,,'',0,8900,4,'',0,100,,'',0,8900,4,'',0,1600,,'',0,8900,4,'',0,6100,,'',0,4900,4,'',0,100,,'',0,8900,4,'',0,1600,,'',0,8900,4,'',0,600,,'',0,7500,0,'Tla''amin',0,1400,4,'',0,8500,4,'',0
'3023',100,84000,,'',0,8900,4,'',0,2100,,'',0,8900,4,'',0,600,,'',0,8900,4,'',0,2100,,'',0,8900,4,'',0,100,,'',0,8900,4,'',0,2100,,'',0,8900,4,'',0,100,,'',0,8900,4,'',0,2100,,'',0,8900,4,'',0,100,,'',0,8900,4,'',0,1600,,'',0,8900,4,'',0
'3024',100,70000,,'',0,3000,0,'Tla''amin',0,1900,4,'',0,6100,,'',0,1400,4,'',0,8100,4,'',0,4000,0,'Tla''amin',0,10200,4,'',0,15300,,'',0,4900,4,'',0,15600,0,'Tla''amin',0,10800,4,'',0,2200,,'',0,2000,,'',0,6900,4,'',0,2500,4,'',0,100,,'',0,8900,4,'',0,11100,,'',0,8900,4,'',0,11100,,'',0,8900,4,'',0,1100,,'',0,8800,4,'',0
'3025',100,90000,,'',0,4900,4,'',0,15100,,'',0,4900,4,'',0,15100,,'',0,4900,4,'',0,40600,0,'Tla''amin',0,10000,4,'',0,15000,,'',0,4900,4,'',0
'3028',100,90000,,'',0,4900,4,'',0,15100,,'',0,4900,4,'',0,15100,,'',0,4900,4,'',0,40600,0,'Tla''amin',0,10000,4,'',0,15000,,'',0,4900,4,'',0,18100,0,'Tla''amin',0,9900,4,'',0
'2086',900,150500,,'',0,1000,,'',0,2000,4,'',0
'2087',900,83000,,'',0,2900,4,'',0,64100,,'',0,5900,4,'',0
'2089',900,83000,,'',0,2900,4,'',0,64100,,'',0,5900,4,'',0
'3024',900,151500,,'',0,2000,4,'',0
'3025',900,83000,,'',0,2900,4,'',0,64100,,'',0,5900,4,'',0
'3028',900,83000,,'',0,2900,4,'',0,64100,,'',0,5900,4,'',0
