100,'5009',738,,628,21,,,0,80,,624,21,,,0,40,,614,21,,,0,80,,625,21,,,0,120,,615,21,,,0,160,,616,21,,,0,120,,626,21,,,0,120,,617,21,,,0,80,,627,21,,,0,80,,621,21,,,0,40,,620,21,,,0,80,,622,21,,,0,80,,618,21,,,0,120,,623,21,,,0,165,,619,21,,,0,120,,629,21,,,0
100,'5010',738,,630,21,,,0,80,,631,21,,,0,40,,632,21,,,0,80,,634,21,,,0,120,,633,21,,,0,160,,635,21,,,0,120,,636,21,,,0,120,,637,21,,,0,80,,638,21,,,0,80,,639,21,,,0,40,,640,21,,,0,80,,641,21,,,0,120,,642,21,,,0
100,'5188',653,,662,21,,,0,81,,644,11,,,0,84,,658,21,0,11 12 10,0,40,,645,21,,,0,95,,659,21,,,0,160,,661,21,,,0,120,,654,21,,,0,80,,652,21,,,0,38,,660,21,,,0,82,,651,21,,,0,25,,657,21,,,0,55,,656,21,,,0,40,,649,21,,,0,80,,655,21,,,0,80,,648,21,,,0,40,,663,21,,,0,80,,643,21,,,0,120,,647,21,,,0,160,,646,21,,,0,130,,650,21,0,11 12 10,0
100,'5195',738,,821,21,,,0,80,,817,21,,,0,40,,807,21,,,0,80,,818,21,,,0,120,,808,21,,,0,160,,809,21,,,0,120,,819,21,,,0,120,,810,21,,,0,80,,820,21,,,0,80,,814,21,,,0,40,,813,21,,,0,80,,815,21,,,0,80,,811,21,,,0,120,,816,21,,,0,165,,812,21,,,0,120,,822,21,,,0
100,'5196',738,,823,21,,,0,80,,824,21,,,0,40,,825,21,,,0,80,,827,21,,,0,120,,826,21,,,0,160,,828,21,,,0,120,,829,21,,,0,120,,830,21,,,0,80,,831,21,,,0,80,,832,21,,,0,40,,833,21,,,0,80,,834,21,,,0,120,,835,21,,,0
100,'5197',653,,851,21,,,0,81,,840,11,,,0,84,,842,21,0,11 12 10,0,40,,844,21,,,0,95,,843,21,,,0,160,,847,21,,,0,120,,836,21,,,0,80,,855,21,,,0,38,,845,21,,,0,82,,854,21,,,0,25,,841,21,,,0,55,,839,21,,,0,40,,850,21,,,0,80,,838,21,,,0,80,,849,21,,,0,40,,852,21,,,0,80,,837,21,,,0,120,,848,21,,,0,160,,846,21,,,0,130,,853,21,0,11 12 10,0
101,'5009',734,,664,26,,,0,82,,665,26,,,0,40,,674,26,,,0,80,,666,26,,,0,80,,667,26,,,0,120,,668,26,,,0,120,,675,26,,,0,160,,669,26,,,0,120,,676,26,,,0,80,,670,26,,,0,40,,671,26,,,0,80,,672,26,,,0,80,,673,26,,,0,40,,677,26,,,0,160,,678,26,,,0,125,,679,26,,,0,160,,680,26,,,0
101,'5010',739,,688,26,,,0,77,,689,26,,,0,40,,690,26,,,0,80,,691,26,,,0,80,,692,26,,,0,120,,687,26,,,0,120,,693,26,,,0,160,,694,26,,,0,120,,681,26,,,0,80,,682,26,,,0,40,,683,26,,,0,80,,684,26,,,0,80,,686,26,,,0,120,,685,26,,,0
101,'5188',659,,703,26,0,11 12 10,0,72,,705,26,,,0,85,,695,26,,,0,90,,712,26,,,0,35,,696,26,,,0,90,,706,26,,,0,120,,708,26,,,0,160,,710,26,,,0,40,,704,26,,,0,80,,711,26,,,0,80,,697,26,,,0,40,,709,26,,,0,80,,700,26,,,0,80,,707,26,,,0,40,,702,26,,,0,160,,698,26,,,0,120,,699,26,,,0,170,,701,26,,,0
101,'5195',734,,857,26,,,0,82,,858,26,,,0,40,,867,26,,,0,80,,859,26,,,0,80,,860,26,,,0,120,,861,26,,,0,120,,868,26,,,0,160,,862,26,,,0,120,,869,26,,,0,80,,863,26,,,0,40,,864,26,,,0,80,,865,26,,,0,80,,866,26,,,0,40,,870,26,,,0,160,,871,26,,,0,125,,872,26,,,0,160,,873,26,,,0
101,'5196',739,,881,26,,,0,77,,882,26,,,0,40,,883,26,,,0,80,,884,26,,,0,80,,885,26,,,0,120,,880,26,,,0,120,,886,26,,,0,160,,887,26,,,0,120,,874,26,,,0,80,,875,26,,,0,40,,876,26,,,0,80,,877,26,,,0,80,,879,26,,,0,120,,878,26,,,0
101,'5197',659,,904,26,0,11 12 10,0,72,,890,26,,,0,85,,888,26,,,0,90,,901,26,,,0,35,,889,26,,,0,90,,891,26,,,0,120,,893,26,,,0,160,,899,26,,,0,40,,905,26,,,0,80,,900,26,,,0,80,,894,26,,,0,40,,895,26,,,0,80,,898,26,,,0,80,,892,26,,,0,40,,903,26,,,0,160,,896,26,,,0,120,,897,26,,,0,170,,902,26,,,0
201,'5009',942,,715,41,,,0,111,,714,33,,,0,150,,716,33,,,0,110,,718,33,,,0,110,,719,33,,,0,110,,720,33,,,0,110,,713,33,,,0,158,,717,33,,,0,122,,721,45,,,0,135,,722,45,,,0,175,,723,45,,,0
201,'5010',942,,724,41,,,0,111,,725,33,,,0,150,,726,33,,,0,110,,727,33,,,0,110,,729,33,,,0,110,,728,33,,,0,110,,731,33,,,0,175,,730,45,,,0,135,,732,45,,,0
201,'5188',722,,735,41,,,0,112,,744,34,,,0,110,,737,33,,,0,110,,734,33,,,0,150,,738,33,,,0,110,,739,33,,,0,110,,745,33,,,0,223,,740,33,,,0,158,,733,33,,,0,122,,741,45,,,0,175,,742,45,,,0,135,,743,45,,,0
201,'5195',942,,908,41,,,0,111,,907,33,,,0,150,,909,33,,,0,110,,911,33,,,0,110,,912,33,,,0,110,,913,33,,,0,110,,906,33,,,0,158,,910,33,,,0,122,,914,45,,,0,135,,915,45,,,0,175,,916,45,,,0
201,'5196',942,,917,41,,,0,111,,918,33,,,0,150,,919,33,,,0,110,,920,33,,,0,110,,922,33,,,0,110,,921,33,,,0,110,,924,33,,,0,175,,923,45,,,0,135,,925,45,,,0
201,'5197',722,,928,41,,,0,112,,937,34,,,0,110,,930,33,,,0,110,,927,33,,,0,150,,931,33,,,0,110,,932,33,,,0,110,,938,33,,,0,223,,933,33,,,0,158,,926,33,,,0,122,,934,45,,,0,175,,935,45,,,0,135,,936,45,,,0
900,'5188',1534,,782,5,,,0
900,'5197',1534,,974,5,,,0
1201,'5009',847,,791,19,,,0,361,,793,20,,,0,245,,792,20,,,0
1201,'5189',736,,798,19,,,0,111,,797,19,,,0,361,,795,20,,,0,245,,796,20,,,0,390,,794,18,,,0
1201,'5195',847,,984,19,,,0,361,,986,20,,,0,245,,985,20,,,0
1201,'5198',736,,991,19,,,0,111,,990,19,,,0,361,,988,20,,,0,245,,989,20,,,0,390,,987,18,,,0
1300,'5191',1014,,800,13,,,0,915,,799,13,,,0
1300,'5199',1014,,993,13,,,0,915,,992,13,,,0
1301,'5191',1522,,801,4,,,0
1301,'5199',1522,,994,4,,,0
1401,'5192',1022,,806,16,,,0,629,,805,16,,,0
1401,'5195',1022,,1003,16,,,0,629,,1002,16,,,0
1401,'5196',1022,,1004,16,,,0,629,,1005,16,,,0
1401,'5198',1022,,1007,16,,,0,629,,1006,16,,,0
