100,'5009',737,,628,19,,,0,80,,624,19,,,0,40,,614,19,,,0,80,,625,19,,,0,120,,615,19,,,0,160,,616,19,,,0,120,,626,19,,,0,120,,617,19,,,0,80,,627,19,,,0,80,,621,19,,,0,40,,620,19,,,0,80,,622,19,,,0,80,,618,19,,,0,120,,623,19,,,0,165,,619,19,,,0,120,,629,19,,,0
100,'5010',737,,630,19,,,0,80,,631,19,,,0,40,,632,19,,,0,80,,634,19,,,0,120,,633,19,,,0,160,,635,19,,,0,120,,636,19,,,0,120,,637,19,,,0,80,,638,19,,,0,80,,639,19,,,0,40,,640,19,,,0,80,,641,19,,,0,120,,642,19,,,0
100,'5188',733,,644,9,,,0,124,,645,19,,,0,455,,652,19,,,0,120,,651,19,,,0,120,,649,19,,,0,160,,648,19,,,0,120,,643,19,,,0,120,,647,19,,,0,160,,646,19,,,0,130,,650,19,0,11 12 10,0
100,'5235',652,,662,19,,,0,165,,658,19,0,11 12 10,0,135,,659,19,,,0,160,,661,19,,,0,120,,654,19,,,0,118,,660,19,,,0,107,,657,19,,,0,55,,656,19,,,0,120,,655,19,,,0,120,,663,19,,,0
100,'5236',652,,1016,19,,,0,165,,1012,19,0,11 12 10,0,135,,1013,19,,,0,160,,1015,19,,,0,120,,1008,19,,,0,118,,1014,19,,,0,107,,1011,19,,,0,55,,1010,19,,,0,120,,1009,19,,,0,120,,1017,19,,,0
201,'5009',941,,1028,39,,,0,111,,1027,31,,,0,150,,1029,31,,,0,110,,1031,31,,,0,110,,1032,31,,,0,110,,1033,31,,,0,110,,1026,31,,,0,158,,1030,31,,,0,122,,1034,43,,,0,135,,1035,43,,,0,175,,1036,43,,,0
201,'5010',941,,1037,39,,,0,111,,1038,31,,,0,150,,1039,31,,,0,110,,1040,31,,,0,110,,1042,31,,,0,110,,1041,31,,,0,110,,1044,31,,,0,175,,1043,43,,,0,135,,1045,43,,,0
201,'5235',721,,735,39,,,0,113,,744,32,,,0,109,,737,31,,,0,110,,734,31,,,0,150,,738,31,,,0,110,,739,31,,,0,110,,745,31,,,0,223,,740,31,,,0,158,,733,31,,,0,122,,741,43,,,0,175,,742,43,,,0,135,,743,43,,,0
201,'5236',721,,1048,39,,,0,113,,1056,32,,,0,109,,1049,31,,,0,110,,1047,31,,,0,150,,1050,31,,,0,110,,1051,31,,,0,110,,1057,31,,,0,223,,1052,31,,,0,158,,1046,31,,,0,122,,1053,43,,,0,175,,1054,43,,,0,135,,1055,43,,,0
900,'5235',1533,,782,4,,,0
900,'5236',1533,,1092,4,,,0
1300,'5191',1013,,800,11,,,0,915,,799,11,,,0
1401,'5192',1022,,806,14,,,0,629,,805,14,,,0
