100,'4528',656,,1309,25,,,0,81,,1298,15,,,0,164,,1302,25,,,0,55,,1301,25,,,0,160,,1305,25,,,0,120,,1294,25,,,0,80,,1313,25,,,0,38,,1303,25,,,0,82,,1312,25,,,0,65,,1299,25,,,0,15,,1297,25,,,0,40,,1308,25,,,0,80,,1296,25,,,0,80,,1307,25,,,0,40,,1310,25,,,0,80,,1295,25,,,0,120,,1306,25,,,0,160,,1304,25,,,0
100,'4532',741,,1328,25,,,0,80,,1324,25,,,0,80,,1314,25,,,0,40,,1325,25,,,0,160,,1315,25,,,0,120,,1316,25,,,0,120,,1326,25,,,0,160,,1317,25,,,0,40,,1327,25,,,0,80,,1321,25,,,0,80,,1320,25,,,0,40,,1322,25,,,0,80,,1318,25,,,0,120,,1323,25,,,0,165,,1319,25,,,0,120,,1329,25,,,0
100,'5210',741,,1330,25,,,0,80,,1331,25,,,0,80,,1332,25,,,0,40,,1334,25,,,0,160,,1333,25,,,0,120,,1335,25,,,0,120,,1336,25,,,0,160,,1337,25,,,0,40,,1338,25,,,0,80,,1339,25,,,0,80,,1340,25,,,0,40,,1341,25,,,0,160,,1342,25,,,0
300,'4528',707,,1437,4,0,13 9,0,30,,1435,4,,,0,110,,1425,4,,,0,111,,1426,4,,,0,150,,1427,4,,,0,110,,1428,4,,,0,110,,1436,4,,,0,110,,1429,4,,,0,104,,1430,4,,,0,159,,1431,4,,,0,110,,1432,4,,,0,135,,1433,4,,,0,175,,1434,4,,,0
300,'4532',957,,1444,4,,,0,150,,1445,4,,,0,110,,1446,4,,,0,110,,1442,4,,,0,110,,1441,4,,,0,110,,1443,4,,,0,110,,1447,4,,,0,150,,1438,4,,,0,135,,1440,4,,,0,175,,1439,4,,,0
300,'5210',957,,1451,4,,,0,150,,1449,4,,,0,110,,1450,4,,,0,110,,1452,4,,,0,110,,1453,4,,,0,110,,1454,4,,,0,155,,1455,4,,,0,135,,1456,4,,,0
1300,'5212',1018,,1478,17,,,0
1400,'4532',852,,1482,4,,,0
1400,'5210',852,,1483,4,,,0
1400,'5211',852,,1486,4,,,0
