100,'5009',743,,628,28,,,0,80,,624,28,,,0,80,,614,28,,,0,40,,625,28,,,0,160,,615,28,,,0,120,,616,28,,,0,120,,626,28,,,0,160,,617,28,,,0,40,,627,28,,,0,80,,621,28,,,0,80,,620,28,,,0,40,,622,28,,,0,80,,618,28,,,0,120,,623,28,,,0,165,,619,28,,,0,120,,629,28,,,0
100,'5010',743,,630,28,,,0,80,,631,28,,,0,80,,632,28,,,0,40,,634,28,,,0,160,,633,28,,,0,120,,635,28,,,0,120,,636,28,,,0,160,,637,28,,,0,40,,638,28,,,0,80,,639,28,,,0,80,,640,28,,,0,40,,641,28,,,0,160,,642,28,,,0
100,'5188',739,,644,18,,,0,90,,653,7,,,0,74,,645,28,,,0,415,,652,28,,,0,120,,651,28,,,0,120,,649,28,,,0,160,,648,28,,,0,120,,643,28,,,0,120,,647,28,,,0,160,,646,28,,,0
100,'5235',658,,662,28,,,0,300,,659,28,,,0,160,,661,28,,,0,120,,654,28,,,0,118,,660,28,,,0,147,,657,28,,,0,15,,656,28,,,0,120,,655,28,,,0,120,,663,28,,,0
100,'5236',658,,1016,28,,,0,300,,1013,28,,,0,160,,1015,28,,,0,120,,1008,28,,,0,118,,1014,28,,,0,147,,1011,28,,,0,15,,1010,28,,,0,120,,1009,28,,,0,120,,1017,28,,,0
300,'5009',1000,,1063,8,,,0,110,,1064,8,,,0,110,,1065,8,,,0,110,,1062,8,,,0,110,,1061,8,,,0,110,,1066,8,,,0,150,,1067,8,,,0,110,,1058,8,,,0,135,,1060,8,,,0,175,,1059,8,,,0
300,'5010',1000,,1070,8,,,0,110,,1069,8,,,0,110,,1071,8,,,0,110,,1072,8,,,0,110,,1073,8,,,0,110,,1074,8,,,0,155,,1075,8,,,0,135,,1076,8,,,0
300,'5188',710,,766,8,0,13 9,0
300,'5235',740,,777,8,,,0,110,,767,8,,,0,151,,768,8,,,0,110,,769,8,,,0,110,,770,8,,,0,110,,778,8,,,0,110,,771,8,,,0,104,,772,8,,,0,159,,773,8,,,0,110,,774,8,,,0,135,,775,8,,,0,175,,776,8,,,0
300,'5236',740,,1088,8,,,0,110,,1078,8,,,0,151,,1079,8,,,0,110,,1080,8,,,0,110,,1081,8,,,0,110,,1089,8,,,0,110,,1082,8,,,0,104,,1083,8,,,0,159,,1084,8,,,0,110,,1085,8,,,0,135,,1086,8,,,0,175,,1087,8,,,0
1400,'5192',854,,804,9,,,0
