201,'5009',920,,715,20,,,0,982,,721,34,,,0,135,,722,34,,,0,175,,723,34,,,0
201,'5010',920,,724,20,,,0,837,,730,34,,,0,175,,732,34,,,0
201,'5188',700,,735,20,,,0,1206,,741,34,,,0,135,,742,34,,,0,175,,743,34,,,0
201,'5195',920,,908,20,,,0,982,,914,34,,,0,135,,915,34,,,0,175,,916,34,,,0
201,'5196',920,,917,20,,,0,837,,923,34,,,0,175,,925,34,,,0
201,'5197',700,,928,20,,,0,1206,,934,34,,,0,135,,935,34,,,0,175,,936,34,,,0
1401,'5192',1005,,806,5,,,0,629,,805,5,,,0
1401,'5195',1005,,1003,5,,,0,629,,1002,5,,,0
1401,'5196',1005,,1004,5,,,0,629,,1005,5,,,0
1401,'5198',1005,,1007,5,,,0,629,,1006,5,,,0
