300,'5009',845,,756,16,,,0,171,,751,33,,,0,110,,752,33,,,0,110,,753,33,,,0,110,,750,33,,,0,110,,749,33,,,0,150,,754,33,,,0,110,,755,33,,,0,110,,746,33,,,0,175,,748,33,,,0,135,,747,33,,,0
300,'5010',845,,765,16,,,0,171,,758,33,,,0,110,,757,33,,,0,110,,759,33,,,0,110,,760,33,,,0,110,,761,33,,,0,150,,762,33,,,0,115,,763,33,,,0,135,,764,33,,,0
300,'5188',757,,777,33,,,0,150,,767,33,,,0,110,,768,33,,,0,110,,769,33,,,0,110,,770,33,,,0,110,,778,33,,,0,110,,771,33,,,0,144,,772,33,,,0,119,,773,33,,,0,110,,774,33,,,0,175,,775,33,,,0,135,,776,33,,,0
300,'5195',845,,949,16,,,0,171,,944,33,,,0,110,,945,33,,,0,110,,946,33,,,0,110,,943,33,,,0,110,,942,33,,,0,150,,947,33,,,0,110,,948,33,,,0,110,,939,33,,,0,175,,941,33,,,0,135,,940,33,,,0
300,'5196',845,,958,16,,,0,171,,952,33,,,0,110,,950,33,,,0,110,,951,33,,,0,110,,953,33,,,0,110,,954,33,,,0,150,,955,33,,,0,115,,956,33,,,0,135,,957,33,,,0
300,'5197',757,,969,33,,,0,150,,959,33,,,0,110,,960,33,,,0,110,,961,33,,,0,110,,962,33,,,0,110,,970,33,,,0,110,,963,33,,,0,144,,964,33,,,0,119,,965,33,,,0,110,,966,33,,,0,175,,967,33,,,0,135,,968,33,,,0
1201,'5009',844,,791,13,,,0,361,,793,14,,,0,245,,792,14,,,0
1201,'5189',733,,798,13,,,0,111,,797,13,,,0,361,,795,14,,,0,245,,796,14,,,0,390,,794,12,,,0
1201,'5195',844,,984,13,,,0,361,,986,14,,,0,245,,985,14,,,0
1201,'5198',733,,991,13,,,0,111,,990,13,,,0,361,,988,14,,,0,245,,989,14,,,0,390,,987,12,,,0
