100,'5009',746,,628,32,,,0,80,,624,32,,,0,80,,614,32,,,0,40,,625,32,,,0,160,,615,32,,,0,120,,616,32,,,0,120,,626,32,,,0,160,,617,32,,,0,40,,627,32,,,0,80,,621,32,,,0,80,,620,32,,,0,40,,622,32,,,0,80,,618,32,,,0,120,,623,32,,,0,165,,619,32,,,0,120,,629,32,,,0
100,'5010',746,,630,32,,,0,80,,631,32,,,0,80,,632,32,,,0,40,,634,32,,,0,160,,633,32,,,0,120,,635,32,,,0,120,,636,32,,,0,160,,637,32,,,0,40,,638,32,,,0,80,,639,32,,,0,80,,640,32,,,0,40,,641,32,,,0,160,,642,32,,,0
100,'5188',701,,662,32,,,0,41,,644,22,,,0,90,,653,11,,,0,74,,645,32,,,0,95,,659,32,,,0,120,,661,32,,,0,120,,654,32,,,0,80,,652,32,,,0,38,,660,32,,,0,82,,651,32,,,0,65,,657,32,,,0,15,,656,32,,,0,80,,649,32,,,0,40,,655,32,,,0,80,,648,32,,,0,80,,663,32,,,0,40,,643,32,,,0,160,,647,32,,,0,120,,646,32,,,0
100,'5195',746,,821,32,,,0,80,,817,32,,,0,80,,807,32,,,0,40,,818,32,,,0,160,,808,32,,,0,120,,809,32,,,0,120,,819,32,,,0,160,,810,32,,,0,40,,820,32,,,0,80,,814,32,,,0,80,,813,32,,,0,40,,815,32,,,0,80,,811,32,,,0,120,,816,32,,,0,165,,812,32,,,0,120,,822,32,,,0
100,'5196',746,,823,32,,,0,80,,824,32,,,0,80,,825,32,,,0,40,,827,32,,,0,160,,826,32,,,0,120,,828,32,,,0,120,,829,32,,,0,160,,830,32,,,0,40,,831,32,,,0,80,,832,32,,,0,80,,833,32,,,0,40,,834,32,,,0,160,,835,32,,,0
100,'5197',701,,851,32,,,0,41,,840,22,,,0,90,,856,11,,,0,74,,844,32,,,0,95,,843,32,,,0,120,,847,32,,,0,120,,836,32,,,0,80,,855,32,,,0,38,,845,32,,,0,82,,854,32,,,0,65,,841,32,,,0,15,,839,32,,,0,80,,850,32,,,0,40,,838,32,,,0,80,,849,32,,,0,80,,852,32,,,0,40,,837,32,,,0,160,,848,32,,,0,120,,846,32,,,0
900,'5188',826,,780,11,0,7 14,0
900,'5197',826,,973,11,0,7 14,0
1400,'5192',856,,804,13,,,0
1400,'5195',856,,997,13,,,0
1400,'5196',856,,998,13,,,0
1400,'5198',856,,1001,13,,,0
