201,'5009',903,,715,12,,,0,132,,714,12,,,0,110,,716,12,,,0,110,,718,12,,,0,150,,719,12,,,0,110,,720,12,,,0,110,,713,12,,,0,118,,717,12,,,0,101,,721,12,,,0,6,,721,26,,,0,169,,722,12,,,0,6,,722,26,,,0,129,,723,12,,,0,46,,723,26,,,0
201,'5010',903,,724,12,,,0,132,,725,12,,,0,110,,726,12,,,0,110,,727,12,,,0,150,,729,12,,,0,110,,728,12,,,0,110,,731,12,,,0,114,,730,12,,,0,6,,730,26,,,0,169,,732,12,,,0,6,,732,26,,,0
201,'5188',643,,735,12,,,0,173,,744,12,,,0,110,,737,12,,,0,110,,734,12,,,0,110,,738,12,,,0,110,,739,12,,,0,150,,745,12,,,0,116,,736,12,0,9 10,0,107,,740,12,,,0,118,,733,12,,,0,101,,741,12,,,0,6,,741,26,,,0,169,,742,12,,,0,6,,742,26,,,0,129,,743,12,,,0,46,,743,26,,,0
201,'5195',903,,908,12,,,0,132,,907,12,,,0,110,,909,12,,,0,110,,911,12,,,0,150,,912,12,,,0,110,,913,12,,,0,110,,906,12,,,0,118,,910,12,,,0,101,,914,12,,,0,6,,914,26,,,0,169,,915,12,,,0,6,,915,26,,,0,129,,916,12,,,0,46,,916,26,,,0
201,'5196',903,,917,12,,,0,132,,918,12,,,0,110,,919,12,,,0,110,,920,12,,,0,150,,922,12,,,0,110,,921,12,,,0,110,,924,12,,,0,114,,923,12,,,0,6,,923,26,,,0,169,,925,12,,,0,6,,925,26,,,0
201,'5197',643,,928,12,,,0,173,,937,12,,,0,110,,930,12,,,0,110,,927,12,,,0,110,,931,12,,,0,110,,932,12,,,0,150,,938,12,,,0,116,,929,12,0,9 10,0,107,,933,12,,,0,118,,926,12,,,0,101,,934,12,,,0,6,,934,26,,,0,169,,935,12,,,0,6,,935,26,,,0,129,,936,12,,,0,46,,936,26,,,0
1400,'5192',909,,804,30,,,0,629,,803,12,,,0
1400,'5195',909,,997,30,,,0,629,,996,12,,,0
1400,'5196',909,,998,30,,,0,629,,999,12,,,0
1400,'5198',909,,1001,30,,,0,629,,1000,12,,,0
