100,'5009',732,,628,12,,,0,80,,624,12,,,0,40,,614,12,,,0,80,,625,12,,,0,120,,615,12,,,0,160,,616,12,,,0,120,,626,12,,,0,120,,617,12,,,0,80,,627,12,,,0,80,,621,12,,,0,40,,620,12,,,0,80,,622,12,,,0,80,,618,12,,,0,120,,623,12,,,0,125,,619,12,,,0,160,,629,12,,,0
100,'5010',732,,630,12,,,0,80,,631,12,,,0,40,,632,12,,,0,80,,634,12,,,0,120,,633,12,,,0,160,,635,12,,,0,120,,636,12,,,0,120,,637,12,,,0,80,,638,12,,,0,80,,639,12,,,0,40,,640,12,,,0,80,,641,12,,,0,120,,642,12,,,0
100,'5188',647,,662,12,,,0,81,,644,2,,,0,84,,658,12,0,11 12 10,0,40,,645,12,,,0,95,,659,12,,,0,160,,661,12,,,0,120,,654,12,,,0,80,,652,12,,,0,38,,660,12,,,0,82,,651,12,,,0,25,,657,12,,,0,55,,656,12,,,0,40,,649,12,,,0,80,,655,12,,,0,80,,648,12,,,0,40,,663,12,,,0,80,,643,12,,,0,120,,647,12,,,0,160,,646,12,,,0,130,,650,12,0,11 12 10,0
100,'5195',732,,821,12,,,0,80,,817,12,,,0,40,,807,12,,,0,80,,818,12,,,0,120,,808,12,,,0,160,,809,12,,,0,120,,819,12,,,0,120,,810,12,,,0,80,,820,12,,,0,80,,814,12,,,0,40,,813,12,,,0,80,,815,12,,,0,80,,811,12,,,0,120,,816,12,,,0,125,,812,12,,,0,160,,822,12,,,0
100,'5196',732,,823,12,,,0,80,,824,12,,,0,40,,825,12,,,0,80,,827,12,,,0,120,,826,12,,,0,160,,828,12,,,0,120,,829,12,,,0,120,,830,12,,,0,80,,831,12,,,0,80,,832,12,,,0,40,,833,12,,,0,80,,834,12,,,0,120,,835,12,,,0
100,'5197',647,,851,12,,,0,81,,840,2,,,0,84,,842,12,0,11 12 10,0,40,,844,12,,,0,95,,843,12,,,0,160,,847,12,,,0,120,,836,12,,,0,80,,855,12,,,0,38,,845,12,,,0,82,,854,12,,,0,25,,841,12,,,0,55,,839,12,,,0,40,,850,12,,,0,80,,838,12,,,0,80,,849,12,,,0,40,,852,12,,,0,80,,837,12,,,0,120,,848,12,,,0,160,,846,12,,,0,130,,853,12,0,11 12 10,0
300,'5009',844,,756,13,,,0,171,,751,30,,,0,110,,752,30,,,0,110,,753,30,,,0,110,,750,30,,,0,110,,749,30,,,0,150,,754,30,,,0,110,,755,30,,,0,110,,746,30,,,0,175,,748,30,,,0,135,,747,30,,,0
300,'5010',844,,765,13,,,0,171,,758,30,,,0,110,,757,30,,,0,110,,759,30,,,0,110,,760,30,,,0,110,,761,30,,,0,150,,762,30,,,0,115,,763,30,,,0,135,,764,30,,,0
300,'5188',756,,777,30,,,0,150,,767,30,,,0,110,,768,30,,,0,110,,769,30,,,0,110,,770,30,,,0,110,,778,30,,,0,110,,771,30,,,0,144,,772,30,,,0,119,,773,30,,,0,110,,774,30,,,0,175,,775,30,,,0,135,,776,30,,,0
300,'5195',844,,949,13,,,0,171,,944,30,,,0,110,,945,30,,,0,110,,946,30,,,0,110,,943,30,,,0,110,,942,30,,,0,150,,947,30,,,0,110,,948,30,,,0,110,,939,30,,,0,175,,941,30,,,0,135,,940,30,,,0
300,'5196',844,,958,13,,,0,171,,952,30,,,0,110,,950,30,,,0,110,,951,30,,,0,110,,953,30,,,0,110,,954,30,,,0,150,,955,30,,,0,115,,956,30,,,0,135,,957,30,,,0
300,'5197',756,,969,30,,,0,150,,959,30,,,0,110,,960,30,,,0,110,,961,30,,,0,110,,962,30,,,0,110,,970,30,,,0,110,,963,30,,,0,144,,964,30,,,0,119,,965,30,,,0,110,,966,30,,,0,175,,967,30,,,0,135,,968,30,,,0
