300,'5009',845,,756,15,,,0,171,,751,32,,,0,110,,752,32,,,0,110,,753,32,,,0,110,,750,32,,,0,110,,749,32,,,0,150,,754,32,,,0,110,,755,32,,,0,110,,746,32,,,0,175,,748,32,,,0,135,,747,32,,,0
300,'5010',845,,765,15,,,0,171,,758,32,,,0,110,,757,32,,,0,110,,759,32,,,0,110,,760,32,,,0,110,,761,32,,,0,150,,762,32,,,0,115,,763,32,,,0,135,,764,32,,,0
300,'5188',757,,777,32,,,0,150,,767,32,,,0,110,,768,32,,,0,110,,769,32,,,0,110,,770,32,,,0,110,,778,32,,,0,110,,771,32,,,0,144,,772,32,,,0,119,,773,32,,,0,110,,774,32,,,0,175,,775,32,,,0,135,,776,32,,,0
300,'5195',845,,949,15,,,0,171,,944,32,,,0,110,,945,32,,,0,110,,946,32,,,0,110,,943,32,,,0,110,,942,32,,,0,150,,947,32,,,0,110,,948,32,,,0,110,,939,32,,,0,175,,941,32,,,0,135,,940,32,,,0
300,'5196',845,,958,15,,,0,171,,952,32,,,0,110,,950,32,,,0,110,,951,32,,,0,110,,953,32,,,0,110,,954,32,,,0,150,,955,32,,,0,115,,956,32,,,0,135,,957,32,,,0
300,'5197',757,,969,32,,,0,150,,959,32,,,0,110,,960,32,,,0,110,,961,32,,,0,110,,962,32,,,0,110,,970,32,,,0,110,,963,32,,,0,144,,964,32,,,0,119,,965,32,,,0,110,,966,32,,,0,175,,967,32,,,0,135,,968,32,,,0
1201,'5009',844,,791,12,,,0,361,,793,13,,,0,245,,792,13,,,0
1201,'5189',733,,798,12,,,0,111,,797,12,,,0,361,,795,13,,,0,245,,796,13,,,0,390,,794,11,,,0
1201,'5195',844,,984,12,,,0,361,,986,13,,,0,245,,985,13,,,0
1201,'5198',733,,991,12,,,0,111,,990,12,,,0,361,,988,13,,,0,245,,989,13,,,0,390,,987,11,,,0
