100,'4327',750,,1093,41,,,0,80,,1094,41,,,0,80,,1095,41,,,0,40,,1097,41,,,0,160,,1096,41,,,0,120,,1098,41,,,0,120,,1099,41,,,0,160,,1100,41,,,0,40,,1101,41,,,0,80,,1102,41,,,0,80,,1103,41,,,0,40,,1104,41,,,0,160,,1105,41,,,0
100,'5169',750,,1120,41,,,0,80,,1116,41,,,0,80,,1106,41,,,0,40,,1117,41,,,0,160,,1107,41,,,0,120,,1108,41,,,0,120,,1118,41,,,0,160,,1109,41,,,0,40,,1119,41,,,0,80,,1113,41,,,0,80,,1112,41,,,0,40,,1114,41,,,0,80,,1110,41,,,0,120,,1115,41,,,0,165,,1111,41,,,0,120,,1121,41,,,0
100,'5188',705,,1016,41,,,0,41,,644,31,,,0,90,,653,20,,,0,74,,645,41,,,0,95,,1013,41,,,0,120,,1015,41,,,0,120,,1008,41,,,0,80,,652,41,,,0,78,,1014,41,,,0,42,,651,41,,,0,65,,1011,41,,,0,15,,1010,41,,,0,80,,649,41,,,0,40,,1009,41,,,0,80,,648,41,,,0,80,,1017,41,,,0,40,,643,41,,,0,160,,647,41,,,0,120,,646,41,,,0
100,'5197',705,,1137,41,,,0,41,,1126,31,,,0,90,,1142,20,,,0,74,,1130,41,,,0,95,,1129,41,,,0,120,,1133,41,,,0,120,,1122,41,,,0,80,,1141,41,,,0,78,,1131,41,,,0,42,,1140,41,,,0,65,,1127,41,,,0,15,,1125,41,,,0,80,,1136,41,,,0,40,,1124,41,,,0,80,,1135,41,,,0,80,,1138,41,,,0,40,,1123,41,,,0,160,,1134,41,,,0,120,,1132,41,,,0
900,'5188',837,,1090,30,0,7 14,0
900,'5197',837,,1259,30,0,7 14,0
1400,'4327',900,,1282,22,,,0
1400,'5169',900,,1285,22,,,0
1400,'5192',900,,804,22,,,0
1400,'5198',900,,1287,22,,,0
