200,'4982',1439,,244,,,0,82,,245,,,0,80,,240,,,0,53,,237,,,0,71,,242,,,0,109,,243,,,0,115,,241,,,0
200,'4983',924,,246,,,0,105,,247,,,0,112,,249,,,0,103,,248,,,0,160,,250,,,0,647,,251,,,0
200,'4986',924,,252,,,0,105,,253,,,0,112,,255,,,0,103,,254,,,0,160,,256,,,0,647,,258,,,0
200,'4987',924,,259,,,0,105,,265,,,0,112,,260,,,0,103,,269,,,0,160,,261,,,0,117,,262,,,0,98,,267,,,0,111,,268,,,0,106,,263,,,0,113,,270,,,0,100,,264,,,0
200,'4988',924,,280,,,0,105,,273,,,0,112,,279,,,0,103,,274,,,0,160,,278,,,0,117,,275,,,0,98,,276,,,0,111,,277,,,0,106,,281,,,0
300,'4982',931,,282,,,0,675,,285,,,0,110,,283,,,0,109,,286,,,0,109,,284,,,0,107,,287,,,0
300,'4983',1018,,292,,,0,112,,289,,,0,106,,291,,,0,109,,290,,,0,157,,293,,,0
300,'4986',1018,,298,,,0,112,,295,,,0,106,,297,,,0,109,,296,,,0,157,,299,,,0,644,,300,,,0
300,'4987',910,,307,,,0,107,,301,,,0,112,,309,,,0,107,,302,,,0,109,,308,,,0,155,,303,,,0,118,,304,,,0,96,,310,,,0,113,,311,,,0,107,,305,,,0,107,,312,,,0,104,,306,,,0
300,'4988',910,,313,,,0,107,,319,,,0,112,,314,,,0,107,,320,,,0,109,,315,,,0,155,,318,,,0,118,,316,,,0,96,,317,,,0,113,,321,,,0
1301,'4984',1518,,185,,,0
