100,'5009',725,,628,1,,,0,80,,624,1,,,0,40,,614,1,,,0,80,,625,1,,,0,120,,615,1,,,0,160,,616,1,,,0,120,,626,1,,,0,120,,617,1,,,0,80,,627,1,,,0,80,,621,1,,,0,40,,620,1,,,0,80,,622,1,,,0,80,,618,1,,,0,120,,623,1,,,0,125,,619,1,,,0,160,,629,1,,,0
100,'5010',725,,630,1,,,0,80,,631,1,,,0,40,,632,1,,,0,80,,634,1,,,0,120,,633,1,,,0,160,,635,1,,,0,120,,636,1,,,0,120,,637,1,,,0,80,,638,1,,,0,80,,639,1,,,0,40,,640,1,,,0,80,,641,1,,,0,120,,642,1,,,0
100,'5188',640,,662,1,,,0,165,,658,1,0,11 12 10,0,40,,645,1,,,0,95,,659,1,,,0,160,,661,1,,,0,120,,654,1,,,0,80,,652,1,,,0,38,,660,1,,,0,82,,651,1,,,0,25,,657,1,,,0,55,,656,1,,,0,40,,649,1,,,0,80,,655,1,,,0,80,,648,1,,,0,40,,663,1,,,0,80,,643,1,,,0,120,,647,1,,,0,160,,646,1,,,0,130,,650,1,0,11 12 10,0
100,'5195',725,,821,1,,,0,80,,817,1,,,0,40,,807,1,,,0,80,,818,1,,,0,120,,808,1,,,0,160,,809,1,,,0,120,,819,1,,,0,120,,810,1,,,0,80,,820,1,,,0,80,,814,1,,,0,40,,813,1,,,0,80,,815,1,,,0,80,,811,1,,,0,120,,816,1,,,0,125,,812,1,,,0,160,,822,1,,,0
100,'5196',725,,823,1,,,0,80,,824,1,,,0,40,,825,1,,,0,80,,827,1,,,0,120,,826,1,,,0,160,,828,1,,,0,120,,829,1,,,0,120,,830,1,,,0,80,,831,1,,,0,80,,832,1,,,0,40,,833,1,,,0,80,,834,1,,,0,120,,835,1,,,0
100,'5197',640,,851,1,,,0,165,,842,1,0,11 12 10,0,40,,844,1,,,0,95,,843,1,,,0,160,,847,1,,,0,120,,836,1,,,0,80,,855,1,,,0,38,,845,1,,,0,82,,854,1,,,0,25,,841,1,,,0,55,,839,1,,,0,40,,850,1,,,0,80,,838,1,,,0,80,,849,1,,,0,40,,852,1,,,0,80,,837,1,,,0,120,,848,1,,,0,160,,846,1,,,0,130,,853,1,0,11 12 10,0
101,'5009',751,,664,53,4,,0,82,,665,53,4,,0,80,,674,53,4,,0,40,,666,53,4,,0,80,,667,53,4,,0,120,,668,53,4,,0,160,,675,53,4,,0,120,,669,53,4,,0,120,,676,53,4,,0,80,,670,53,4,,0,80,,671,53,4,,0,40,,672,53,4,,0,80,,673,53,4,,0,80,,677,53,4,,0,120,,678,53,4,,0,125,,679,53,4,,0
101,'5010',756,,688,53,4,,0,77,,689,53,4,,0,80,,690,53,4,,0,40,,691,53,4,,0,80,,692,53,4,,0,120,,687,53,4,,0,160,,693,53,4,,0,120,,694,53,4,,0,120,,681,53,4,,0,80,,682,53,4,,0,80,,683,53,4,,0,40,,684,53,4,,0,80,,686,53,4,,0,120,,685,53,4,,0
101,'5188',748,,705,53,4,,0,85,,695,53,4,,0,90,,712,53,4,,0,35,,696,53,4,,0,90,,706,53,4,,0,160,,708,53,4,,0,120,,710,53,4,,0,80,,704,53,4,,0,40,,711,53,4,,0,80,,697,53,4,,0,80,,709,53,4,,0,40,,700,53,4,,0,80,,707,53,4,,0,80,,702,53,4,,0,120,,698,53,4,,0,120,,699,53,4,,0,170,,701,53,4,,0
101,'5195',751,,857,53,4,,0,82,,858,53,4,,0,80,,867,53,4,,0,40,,859,53,4,,0,80,,860,53,4,,0,120,,861,53,4,,0,160,,868,53,4,,0,120,,862,53,4,,0,120,,869,53,4,,0,80,,863,53,4,,0,80,,864,53,4,,0,40,,865,53,4,,0,80,,866,53,4,,0,80,,870,53,4,,0,120,,871,53,4,,0,125,,872,53,4,,0
101,'5196',756,,881,53,4,,0,77,,882,53,4,,0,80,,883,53,4,,0,40,,884,53,4,,0,80,,885,53,4,,0,120,,880,53,4,,0,160,,886,53,4,,0,120,,887,53,4,,0,120,,874,53,4,,0,80,,875,53,4,,0,80,,876,53,4,,0,40,,877,53,4,,0,80,,879,53,4,,0,120,,878,53,4,,0
101,'5197',748,,890,53,4,,0,85,,888,53,4,,0,90,,901,53,4,,0,35,,889,53,4,,0,90,,891,53,4,,0,160,,893,53,4,,0,120,,899,53,4,,0,80,,905,53,4,,0,40,,900,53,4,,0,80,,894,53,4,,0,80,,895,53,4,,0,40,,898,53,4,,0,80,,892,53,4,,0,80,,903,53,4,,0,120,,896,53,4,,0,120,,897,53,4,,0,170,,902,53,4,,0
