100,'5009',737,,628,20,,,0,80,,624,20,,,0,40,,614,20,,,0,80,,625,20,,,0,120,,615,20,,,0,160,,616,20,,,0,120,,626,20,,,0,120,,617,20,,,0,80,,627,20,,,0,80,,621,20,,,0,40,,620,20,,,0,80,,622,20,,,0,80,,618,20,,,0,120,,623,20,,,0,165,,619,20,,,0,120,,629,20,,,0
100,'5010',737,,630,20,,,0,80,,631,20,,,0,40,,632,20,,,0,80,,634,20,,,0,120,,633,20,,,0,160,,635,20,,,0,120,,636,20,,,0,120,,637,20,,,0,80,,638,20,,,0,80,,639,20,,,0,40,,640,20,,,0,80,,641,20,,,0,120,,642,20,,,0
100,'5188',733,,644,10,,,0,124,,645,20,,,0,455,,652,20,,,0,120,,651,20,,,0,120,,649,20,,,0,160,,648,20,,,0,120,,643,20,,,0,120,,647,20,,,0,160,,646,20,,,0,130,,650,20,0,11 12 10,0
100,'5235',652,,662,20,,,0,165,,658,20,0,11 12 10,0,135,,659,20,,,0,160,,661,20,,,0,120,,654,20,,,0,118,,660,20,,,0,107,,657,20,,,0,55,,656,20,,,0,120,,655,20,,,0,120,,663,20,,,0
100,'5236',652,,1016,20,,,0,165,,1012,20,0,11 12 10,0,135,,1013,20,,,0,160,,1015,20,,,0,120,,1008,20,,,0,118,,1014,20,,,0,107,,1011,20,,,0,55,,1010,20,,,0,120,,1009,20,,,0,120,,1017,20,,,0
201,'5009',942,,1028,40,,,0,111,,1027,32,,,0,150,,1029,32,,,0,110,,1031,32,,,0,110,,1032,32,,,0,110,,1033,32,,,0,110,,1026,32,,,0,158,,1030,32,,,0,122,,1034,44,,,0,135,,1035,44,,,0,175,,1036,44,,,0
201,'5010',942,,1037,40,,,0,111,,1038,32,,,0,150,,1039,32,,,0,110,,1040,32,,,0,110,,1042,32,,,0,110,,1041,32,,,0,110,,1044,32,,,0,175,,1043,44,,,0,135,,1045,44,,,0
201,'5235',722,,735,40,,,0,112,,744,33,,,0,110,,737,32,,,0,110,,734,32,,,0,150,,738,32,,,0,110,,739,32,,,0,110,,745,32,,,0,223,,740,32,,,0,158,,733,32,,,0,122,,741,44,,,0,175,,742,44,,,0,135,,743,44,,,0
201,'5236',722,,1048,40,,,0,112,,1056,33,,,0,110,,1049,32,,,0,110,,1047,32,,,0,150,,1050,32,,,0,110,,1051,32,,,0,110,,1057,32,,,0,223,,1052,32,,,0,158,,1046,32,,,0,122,,1053,44,,,0,175,,1054,44,,,0,135,,1055,44,,,0
1300,'5191',1013,,800,12,,,0,915,,799,12,,,0
1401,'5192',1022,,806,15,,,0,629,,805,15,,,0
