100,'5009',740,,628,23,,,0,80,,624,23,,,0,80,,614,23,,,0,40,,625,23,,,0,160,,615,23,,,0,120,,616,23,,,0,120,,626,23,,,0,160,,617,23,,,0,40,,627,23,,,0,80,,621,23,,,0,80,,620,23,,,0,40,,622,23,,,0,80,,618,23,,,0,120,,623,23,,,0,165,,619,23,,,0,120,,629,23,,,0
100,'5010',740,,630,23,,,0,80,,631,23,,,0,80,,632,23,,,0,40,,634,23,,,0,160,,633,23,,,0,120,,635,23,,,0,120,,636,23,,,0,160,,637,23,,,0,40,,638,23,,,0,80,,639,23,,,0,80,,640,23,,,0,40,,641,23,,,0,160,,642,23,,,0
100,'5188',736,,644,13,,,0,90,,653,2,,,0,74,,645,23,,,0,415,,652,23,,,0,120,,651,23,,,0,120,,649,23,,,0,160,,648,23,,,0,120,,643,23,,,0,120,,647,23,,,0,160,,646,23,,,0
100,'5235',655,,662,23,,,0,300,,659,23,,,0,160,,661,23,,,0,120,,654,23,,,0,118,,660,23,,,0,147,,657,23,,,0,15,,656,23,,,0,120,,655,23,,,0,120,,663,23,,,0
100,'5236',655,,1016,23,,,0,300,,1013,23,,,0,160,,1015,23,,,0,120,,1008,23,,,0,118,,1014,23,,,0,147,,1011,23,,,0,15,,1010,23,,,0,120,,1009,23,,,0,120,,1017,23,,,0
101,'5009',736,,664,28,,,0,82,,665,28,,,0,40,,674,28,,,0,80,,666,28,,,0,80,,667,28,,,0,120,,668,28,,,0,120,,675,28,,,0,160,,669,28,,,0,120,,676,28,,,0,80,,670,28,,,0,40,,671,28,,,0,80,,672,28,,,0,80,,673,28,,,0,40,,677,28,,,0,160,,678,28,,,0,125,,679,28,,,0,160,,680,28,,,0
101,'5010',741,,688,28,,,0,77,,689,28,,,0,40,,690,28,,,0,80,,691,28,,,0,80,,692,28,,,0,120,,687,28,,,0,120,,693,28,,,0,160,,694,28,,,0,120,,681,28,,,0,80,,682,28,,,0,40,,683,28,,,0,80,,684,28,,,0,80,,686,28,,,0,120,,685,28,,,0
101,'5188',818,,695,28,,,0,125,,696,28,,,0,410,,704,28,,,0,160,,697,28,,,0,120,,700,28,,,0,120,,702,28,,,0,160,,698,28,,,0,120,,699,28,,,0,170,,701,28,,,0
101,'5235',733,,705,28,,,0,175,,712,28,,,0,125,,706,28,,,0,120,,708,28,,,0,160,,710,28,,,0,120,,711,28,,,0,120,,709,28,,,0,160,,707,28,,,0
101,'5236',733,,1018,28,,,0,175,,1025,28,,,0,125,,1019,28,,,0,120,,1021,28,,,0,160,,1023,28,,,0,120,,1024,28,,,0,120,,1022,28,,,0,160,,1020,28,,,0
201,'5009',851,,1028,2,,,0,171,,1027,2,,,0,110,,1029,2,,,0,110,,1031,2,,,0,110,,1032,2,,,0,150,,1033,2,,,0,110,,1026,2,,,0,118,,1030,2,,,0,102,,1034,2,,,0,175,,1035,2,,,0,135,,1036,2,,,0
201,'5010',851,,1037,2,,,0,171,,1038,2,,,0,110,,1039,2,,,0,110,,1040,2,,,0,110,,1042,2,,,0,150,,1041,2,,,0,110,,1044,2,,,0,115,,1043,2,,,0,175,,1045,2,,,0
201,'5188',1509,,736,2,0,9 10,0
201,'5235',631,,735,2,,,0,172,,744,2,,,0,110,,737,2,,,0,110,,734,2,,,0,110,,738,2,,,0,110,,739,2,,,0,110,,745,2,,,0,263,,740,2,,,0,118,,733,2,,,0,102,,741,2,,,0,175,,742,2,,,0,135,,743,2,,,0
201,'5236',631,,1048,2,,,0,172,,1056,2,,,0,110,,1049,2,,,0,110,,1047,2,,,0,110,,1050,2,,,0,110,,1051,2,,,0,110,,1057,2,,,0,263,,1052,2,,,0,118,,1046,2,,,0,102,,1053,2,,,0,175,,1054,2,,,0,135,,1055,2,,,0
300,'5009',956,,1063,2,,,0,150,,1064,2,,,0,110,,1065,2,,,0,110,,1062,2,,,0,110,,1061,2,,,0,110,,1066,2,,,0,110,,1067,2,,,0,150,,1058,2,,,0,135,,1060,2,,,0,175,,1059,2,,,0
300,'5010',956,,1070,2,,,0,150,,1069,2,,,0,110,,1071,2,,,0,110,,1072,2,,,0,110,,1073,2,,,0,110,,1074,2,,,0,155,,1075,2,,,0,135,,1076,2,,,0
300,'5188',706,,766,2,0,13 9,0
300,'5235',736,,777,2,,,0,110,,767,2,,,0,111,,768,2,,,0,150,,769,2,,,0,110,,770,2,,,0,110,,778,2,,,0,110,,771,2,,,0,104,,772,2,,,0,159,,773,2,,,0,110,,774,2,,,0,135,,775,2,,,0,175,,776,2,,,0
300,'5236',736,,1088,2,,,0,110,,1078,2,,,0,111,,1079,2,,,0,150,,1080,2,,,0,110,,1081,2,,,0,110,,1089,2,,,0,110,,1082,2,,,0,104,,1083,2,,,0,159,,1084,2,,,0,110,,1085,2,,,0,135,,1086,2,,,0,175,,1087,2,,,0
1200,'5009',742,,784,2,0,6,0,286,,785,2,,,0,290,,783,2,,,0
1200,'5189',631,,789,2,0,6,0,111,,790,2,0,6,0,286,,788,2,,,0,290,,787,2,,,0,413,,786,2,0,6,0
1300,'5191',1017,,800,15,,,0
1301,'5191',621,,802,2,,,0,905,,801,6,,,0
1400,'5192',851,,804,2,,,0,675,,803,2,,,0
