201,'5009',1910,,721,36,,,0,135,,722,36,,,0,175,,723,36,,,0
201,'5010',1805,,730,36,,,0,135,,732,36,,,0
201,'5188',1914,,741,36,,,0,135,,742,36,,,0,175,,743,36,,,0
201,'5195',1910,,914,36,,,0,135,,915,36,,,0,175,,916,36,,,0
201,'5196',1805,,923,36,,,0,135,,925,36,,,0
201,'5197',1914,,934,36,,,0,135,,935,36,,,0,175,,936,36,,,0
1401,'5192',1010,,806,7,,,0,629,,805,7,,,0
1401,'5195',1010,,1003,7,,,0,629,,1002,7,,,0
1401,'5196',1010,,1004,7,,,0,629,,1005,7,,,0
1401,'5198',1010,,1007,7,,,0,629,,1006,7,,,0
