100,'4327',744,,1093,30,,,0,80,,1094,30,,,0,80,,1095,30,,,0,40,,1097,30,,,0,160,,1096,30,,,0,120,,1098,30,,,0,120,,1099,30,,,0,160,,1100,30,,,0,40,,1101,30,,,0,80,,1102,30,,,0,80,,1103,30,,,0,40,,1104,30,,,0,160,,1105,30,,,0
100,'5169',744,,1120,30,,,0,80,,1116,30,,,0,80,,1106,30,,,0,40,,1117,30,,,0,160,,1107,30,,,0,120,,1108,30,,,0,120,,1118,30,,,0,160,,1109,30,,,0,40,,1119,30,,,0,80,,1113,30,,,0,80,,1112,30,,,0,40,,1114,30,,,0,80,,1110,30,,,0,120,,1115,30,,,0,165,,1111,30,,,0,120,,1121,30,,,0
100,'5188',659,,1016,30,,,0,81,,644,20,,,0,90,,653,9,,,0,74,,645,30,,,0,55,,1013,30,,,0,160,,1015,30,,,0,120,,1008,30,,,0,80,,652,30,,,0,38,,1014,30,,,0,82,,651,30,,,0,65,,1011,30,,,0,15,,1010,30,,,0,40,,649,30,,,0,80,,1009,30,,,0,80,,648,30,,,0,40,,1017,30,,,0,80,,643,30,,,0,120,,647,30,,,0,160,,646,30,,,0
100,'5197',659,,1137,30,,,0,81,,1126,20,,,0,90,,1142,9,,,0,74,,1130,30,,,0,55,,1129,30,,,0,160,,1133,30,,,0,120,,1122,30,,,0,80,,1141,30,,,0,38,,1131,30,,,0,82,,1140,30,,,0,65,,1127,30,,,0,15,,1125,30,,,0,40,,1136,30,,,0,80,,1124,30,,,0,80,,1135,30,,,0,40,,1138,30,,,0,80,,1123,30,,,0,120,,1134,30,,,0,160,,1132,30,,,0
900,'5188',824,,1090,9,0,7 14,0
900,'5197',824,,1259,9,0,7 14,0
1400,'4327',855,,1282,11,,,0
1400,'5169',855,,1285,11,,,0
1400,'5192',855,,804,11,,,0
1400,'5198',855,,1287,11,,,0
